   3.0000000e+00   1.2393228e-01   4.9035729e-01   8.5299816e-01   8.7392741e-01   2.7029433e-01   2.0846136e-01   5.6497957e-01   6.4031183e-01   4.1702895e-01   2.0597552e-01   9.9218997e-01   6.6641424e-01   8.2114189e-01   7.2130617e-01   8.4580756e-01
   1.0000000e+00   4.3563983e-01   7.6351418e-01   7.8116574e-01   5.1994683e-01   7.4273043e-01   9.6500531e-01   7.6528487e-01   5.7453359e-01   9.1592503e-01   4.9543241e-01   1.6601238e-01   3.2599767e-01   2.9643611e-01   5.5829849e-01   6.7476803e-02
   2.0000000e+00   4.0088287e-01   9.9499026e-01   2.6099801e-01   6.6532471e-01   9.6425662e-01   2.3423021e-01   2.5983497e-01   3.7966898e-01   2.0014632e-01   3.8837888e-01   4.0438386e-01   3.0120559e-01   9.5058159e-01   4.6064819e-01   2.8764751e-01
   1.0000000e+00   5.4819021e-01   6.3408640e-01   7.5155845e-01   5.0951990e-01   6.1109922e-01   6.8409607e-01   4.0238833e-01   9.8283520e-01   4.0218399e-01   6.2067195e-01   1.5436981e-01   3.8134520e-01   1.6113397e-01   7.5811243e-01   8.7111112e-01
   3.0000000e+00   3.7960529e-01   3.1906782e-01   9.8605107e-01   7.1818091e-01   4.1318336e-01   9.8630237e-02   7.3455913e-01   6.3730629e-01   7.3841877e-02   1.2050817e-01   9.9723943e-01   7.4935988e-01   8.0448273e-01   7.0807473e-01   8.4260922e-01
   1.0000000e+00   4.6548322e-01   6.0984264e-01   7.0992638e-01   4.6366503e-01   6.8910555e-01   2.4108406e-01   8.4136910e-01   8.5721276e-01   9.6361220e-01   4.8889979e-01   2.2031010e-01   2.2620864e-01   5.3678780e-01   7.6210971e-01   3.4756715e-01
   2.0000000e+00   1.3393125e-01   3.0889549e-02   9.3914171e-01   3.0130606e-01   2.9553383e-01   1.6658726e-01   2.9341364e-01   3.9722976e-01   2.0252282e-01   3.8422066e-01   5.5903254e-01   8.5409995e-01   3.4787919e-01   4.4602665e-01   5.4239484e-02
   2.0000000e+00   7.5126706e-01   2.5509512e-01   5.0595705e-01   6.9907672e-01   8.9090325e-01   2.9185829e-01   3.0944311e-01   3.2079367e-01   2.1492940e-01   3.2575083e-01   8.4071726e-01   2.5428218e-01   8.1428483e-01   2.4352497e-01   9.2926362e-01
   3.0000000e+00   8.2381657e-01   1.2609883e-01   3.0011678e-01   2.1220248e-03   9.5110736e-01   7.6629936e-01   7.5130416e-01   1.3886484e-01   3.4931954e-01   1.5134056e-01   9.2450810e-01   8.1173045e-01   9.2657376e-01   8.0326022e-01   9.0494628e-01
   2.0000000e+00   4.3045231e-01   4.1621814e-01   7.2876348e-01   4.0647368e-01   9.5180746e-01   2.8239700e-01   3.9028286e-01   3.5190018e-01   2.2902442e-01   3.8867008e-01   2.1003080e-01   1.3087655e-01   5.2051589e-01   9.0546275e-01   4.0253024e-01
   2.0000000e+00   2.4326952e-01   5.7141307e-01   9.8172877e-01   8.4968202e-01   2.8344419e-01   2.3649153e-01   2.7162491e-01   4.4803902e-01   2.0839863e-01   3.2503059e-01   8.1134662e-01   8.4423104e-02   5.3125396e-01   8.0062298e-01   7.3882324e-01
   2.0000000e+00   1.2061161e-01   5.8950748e-01   2.2618768e-01   3.8461912e-01   5.8298638e-01   1.5036122e-01   2.5808813e-01   3.9256363e-01   2.2652809e-01   3.8243763e-01   9.8266340e-01   7.3024879e-01   3.4387700e-01   5.8406933e-01   1.0776902e-01
   1.0000000e+00   4.9347534e-01   6.0526308e-01   7.6375819e-01   5.2994993e-01   6.4901606e-01   6.0219044e-01   3.6193273e-01   1.3492064e-01   9.1381350e-01   6.4055884e-01   6.5877414e-01   6.7533033e-01   7.4455771e-01   8.4217757e-01   5.1665717e-01
   3.0000000e+00   7.0604609e-01   3.1832846e-02   2.7692298e-01   4.6171391e-02   9.7131781e-02   8.2345783e-01   6.9482862e-01   3.1709948e-01   9.5022205e-01   3.4446081e-02   9.1581165e-01   7.2631169e-01   9.5310336e-01   8.1927999e-01   8.4835908e-01
   1.0000000e+00   4.1620691e-01   6.9197513e-01   7.9017655e-01   5.3267105e-01   7.2081065e-01   7.0085007e-01   8.7223550e-01   5.2192152e-02   2.1968131e-01   4.5964201e-01   9.5853360e-01   7.9004536e-01   4.5187461e-01   3.3342819e-01   5.9095313e-02
   3.0000000e+00   6.0653725e-01   7.1464287e-01   4.0153635e-01   8.5869102e-01   9.2048498e-01   7.5083889e-01   2.8559171e-01   7.9681579e-01   1.4276583e-01   5.0455019e-01   9.4160319e-01   7.9075935e-01   8.7666799e-01   8.0930252e-01   9.3591059e-01
   2.0000000e+00   6.0499064e-01   3.8724543e-01   1.4218716e-01   2.5134986e-02   4.2111225e-01   1.3682006e-01   3.4515505e-01   3.5555440e-01   2.8415601e-01   3.7342297e-01   5.7102587e-01   1.7685506e-01   9.5738402e-01   2.6532204e-01   9.2458090e-01
   1.0000000e+00   4.1755552e-01   7.6293634e-01   7.6497109e-01   4.8693422e-01   6.5140698e-01   3.7569214e-01   5.4655379e-01   5.6192015e-01   3.9582223e-01   3.9813088e-01   5.1536722e-01   6.5753054e-01   9.5091520e-01   7.2234851e-01   4.0007975e-01
   1.0000000e+00   5.2853445e-01   6.0867809e-01   8.3832503e-01   5.9684782e-01   6.4249018e-01   1.3378050e-01   6.8527968e-01   9.0945456e-01   6.1086898e-01   8.9998280e-01   1.9343375e-01   7.5442458e-01   3.4626072e-01   4.1862541e-01   1.5571983e-01
   1.0000000e+00   5.3433948e-01   6.9650132e-01   7.8854800e-01   4.9676324e-01   6.0829707e-01   7.5379177e-01   1.3194748e-01   3.5592212e-01   3.9587096e-01   8.8552123e-01   2.1239549e-02   8.4408072e-01   2.8807064e-01   2.5034288e-01   4.8837964e-01
   1.0000000e+00   4.6242379e-01   7.6838583e-01   8.6658336e-01   4.8846615e-01   6.9201911e-01   5.8224916e-01   5.4073934e-01   8.6994103e-01   2.6477903e-01   3.1807408e-01   1.1921454e-01   9.3982947e-01   6.4555187e-01   4.7946322e-01   6.3931696e-01
   1.0000000e+00   4.2906489e-01   6.8647356e-01   8.4983195e-01   4.5587767e-01   7.4194875e-01   7.6367332e-01   5.5882055e-01   1.8384294e-01   4.9794882e-01   5.1784560e-01   9.9424301e-01   8.5485168e-01   9.6240394e-01   6.7894101e-01   4.0350139e-01
   3.0000000e+00   8.4063652e-01   4.6881378e-01   5.4522233e-01   1.7910412e-01   6.3446170e-01   9.6295878e-01   5.3401375e-01   4.7961425e-01   7.9366608e-01   9.2713719e-02   9.8211993e-01   6.5077471e-01   9.0230582e-01   8.0176955e-01   8.9571846e-01
   1.0000000e+00   4.9578121e-01   7.1883658e-01   7.9972450e-01   5.3517790e-01   6.6397564e-01   7.6239442e-02   2.9058665e-01   5.6133505e-01   6.3333347e-01   9.3077586e-01   9.7776916e-01   9.3596546e-02   6.6173494e-01   6.0277290e-01   4.7381786e-01
   2.0000000e+00   7.2016461e-01   3.4689519e-01   5.1699042e-01   5.5669463e-01   1.5649522e-01   2.1241121e-01   3.3896066e-01   3.6396833e-01   2.8362704e-01   3.7313871e-01   3.6003104e-01   4.5421237e-01   3.8638990e-01   7.7555464e-01   7.3427111e-01
   3.0000000e+00   2.1576125e-01   7.8739483e-02   9.3305986e-01   6.0287156e-01   3.7749217e-01   6.6493144e-01   7.9219026e-01   3.3349213e-01   6.9265886e-01   2.0381568e-01   9.9380704e-01   7.9236649e-01   8.3338132e-01   7.6641658e-01   9.0412420e-01
   3.0000000e+00   8.2953282e-01   8.4908548e-01   3.7253424e-01   5.9318458e-01   8.7255256e-01   9.3350161e-01   6.6846427e-01   2.0677646e-01   6.5385059e-01   7.2051551e-02   9.1100904e-01   7.8338631e-01   9.8674513e-01   8.2164250e-01   8.8556853e-01
   2.0000000e+00   7.6266106e-01   8.0701377e-01   6.3295244e-01   7.1042731e-01   6.8866354e-01   1.6418957e-01   3.0632970e-01   4.3097909e-01   2.0545397e-01   3.5004008e-01   4.3276321e-01   9.0428249e-01   6.3018335e-01   9.8303622e-01   5.8520034e-01
   2.0000000e+00   5.4697709e-01   4.0296991e-01   1.0704016e-01   7.2416617e-01   6.1368235e-01   2.5659364e-01   3.1332412e-01   4.2169787e-01   2.5767759e-01   3.9440292e-01   8.7145215e-01   5.0760221e-01   7.8882317e-01   4.7303064e-01   8.2880170e-01
   2.0000000e+00   6.0198194e-01   2.6297128e-01   6.5407910e-01   6.8921450e-01   7.4815159e-01   1.9010832e-01   2.1676428e-01   3.3434655e-01   2.9133374e-01   3.1523780e-01   8.2581698e-01   5.3834244e-01   9.9613472e-01   7.8175529e-02   4.4267827e-01
   2.0000000e+00   3.0505312e-01   7.8981118e-01   2.3638696e-01   2.3430283e-01   4.6469940e-01   2.2387736e-01   3.2306588e-01   3.1839359e-01   2.1237935e-01   3.2844590e-01   7.3573281e-01   4.1130810e-01   8.2898189e-01   9.3511412e-01   3.9906666e-01
   1.0000000e+00   4.1025358e-01   6.8726542e-01   7.3477061e-01   4.5391607e-01   7.4320174e-01   4.3059652e-01   9.6155857e-01   7.6241448e-01   7.3486611e-03   6.8003864e-01   7.0595075e-01   6.4512879e-01   5.5230984e-01   2.1810873e-01   7.7236621e-01
   2.0000000e+00   5.2302980e-01   3.2529899e-01   8.3184251e-01   8.1029479e-01   5.5699826e-01   1.5259281e-01   3.3611324e-01   3.3504797e-01   2.4564254e-01   3.3845669e-01   5.3860144e-01   9.9170372e-01   7.5522040e-01   9.8045485e-01   2.3478264e-01
   1.0000000e+00   4.0837725e-01   6.2764327e-01   8.7261300e-01   5.1326197e-01   6.6169713e-01   9.5914134e-01   7.5024529e-01   9.8099711e-01   2.3351581e-01   9.6226761e-02   3.8458220e-01   5.0027255e-01   5.7025587e-01   9.7663160e-01   4.9285518e-01
   2.0000000e+00   2.8662039e-01   8.0082029e-01   8.9611135e-01   5.9752658e-01   8.8401674e-01   2.8874631e-01   3.0983162e-01   4.0925802e-01   2.5767583e-01   3.0258575e-01   4.4653098e-01   6.4630196e-01   5.2120295e-01   3.7231266e-01   9.3713467e-01
   3.0000000e+00   1.3228533e-01   8.7047537e-01   6.0295018e-01   2.6530173e-01   8.6480258e-01   5.8109458e-02   4.5775389e-01   7.2220964e-01   3.3899915e-01   4.0121986e-01   9.2904696e-01   8.2884714e-01   9.5567213e-01   7.1040514e-01   8.5984807e-01
   1.0000000e+00   4.1601428e-01   7.3075147e-01   7.9883479e-01   5.6685776e-01   7.0725556e-01   9.0372056e-01   8.9092250e-01   3.3416305e-01   6.9874583e-01   1.9780983e-01   3.0540946e-02   7.4407426e-01   5.0002244e-01   4.7992214e-01   9.0472224e-01
   2.0000000e+00   5.2410601e-01   1.2019951e-01   1.7779409e-01   7.0610759e-01   8.3135976e-01   1.0696676e-01   3.5156774e-01   4.4356683e-01   2.3428705e-01   3.6382437e-01   3.4300581e-01   2.1647140e-01   7.8620063e-01   7.2308996e-01   2.7883890e-01
   3.0000000e+00   4.0232987e-01   1.8184008e-01   8.5625112e-01   5.8420122e-01   3.7357878e-01   2.2169455e-01   2.1899412e-01   5.2223244e-01   4.3342271e-01   7.4130399e-01   8.6056744e-01   8.1946669e-01   9.3597605e-01   7.2049773e-01   9.3230027e-01
   1.0000000e+00   4.6095600e-01   6.7723823e-01   8.2196036e-01   4.7503361e-01   6.2821381e-01   9.4628870e-02   3.2318627e-01   7.6959693e-01   2.3411800e-01   7.4036547e-01   6.9281841e-01   8.2407821e-01   8.2797755e-01   2.9336793e-01   3.0936924e-01
   3.0000000e+00   4.8961939e-01   2.6981163e-01   9.8974014e-01   1.8367570e-01   8.6165672e-01   3.2632572e-02   3.3195802e-01   7.4874700e-01   6.4436646e-01   1.6923796e-01   9.9283077e-01   7.5865405e-01   8.5028270e-01   7.8678585e-01   9.3943457e-01
   3.0000000e+00   9.8523664e-01   5.5947741e-01   9.3359192e-01   7.2034321e-01   4.8403852e-01   6.3903109e-01   8.8763687e-01   1.9873675e-01   3.9536627e-01   9.9217530e-01   9.1035274e-01   7.8177130e-01   9.8026962e-01   8.4930727e-01   9.0664541e-01
   1.0000000e+00   4.8635904e-01   7.6846894e-01   7.9994519e-01   5.1585373e-01   6.2235856e-01   2.8279451e-02   7.5666979e-01   7.9610624e-01   2.9355559e-01   1.1520675e-01   3.7509163e-01   8.2889375e-01   8.4177658e-01   6.6523845e-01   9.6013998e-01
   1.0000000e+00   4.8139112e-01   7.7226964e-01   8.8182780e-01   5.7680258e-01   7.3183093e-01   7.4618224e-01   1.1748938e-01   5.0902226e-01   1.6883176e-01   8.3111150e-01   9.2801086e-01   1.6948443e-01   8.8373732e-01   3.8786289e-01   3.8256946e-01
   1.0000000e+00   5.0939826e-01   7.7196914e-01   8.2539108e-01   4.7708871e-01   6.8599598e-01   1.6356616e-01   9.0605174e-01   7.7342785e-02   3.3853465e-01   5.8061755e-01   4.7523516e-01   8.0532049e-01   5.3077814e-01   2.2731033e-01   7.0948498e-01
   3.0000000e+00   5.5081087e-01   8.7090219e-01   4.2253425e-02   9.0472198e-01   1.3097409e-01   8.3372895e-01   8.0046837e-01   9.1788009e-01   1.3730366e-01   5.0473232e-01   9.1074377e-01   6.8471443e-01   9.1503672e-01   7.9093269e-01   8.5180572e-01
   1.0000000e+00   4.0288862e-01   6.1677470e-01   8.9496033e-01   5.4770243e-01   6.3468567e-01   4.0349114e-01   1.2202052e-01   2.6843882e-01   2.5784617e-01   3.3166524e-01   1.5223401e-01   3.4800766e-01   1.2165845e-01   8.8415306e-01   9.4278390e-02
   3.0000000e+00   5.3228307e-01   2.7939197e-01   9.4623015e-01   9.0644327e-01   3.9268458e-01   2.4855234e-02   6.7143680e-01   8.3717064e-01   9.7149964e-01   5.6932885e-02   9.1754857e-01   7.6649406e-01   9.3732756e-01   8.0791491e-01   9.0625509e-01
   2.0000000e+00   8.9003623e-01   3.3020224e-01   2.2970120e-01   1.1394864e-01   3.1092271e-01   1.4568646e-01   3.3039943e-01   3.0992402e-01   2.2754314e-01   3.2818202e-01   8.8006626e-01   4.4433036e-01   7.5591412e-01   6.0329638e-01   7.8326594e-01
   1.0000000e+00   5.1535436e-01   7.1628930e-01   8.8566261e-01   5.3701355e-01   6.0254744e-01   1.2085957e-01   8.6271072e-01   4.8429651e-01   8.4485567e-01   2.0940508e-01   5.5229134e-01   6.2988339e-01   3.1991016e-02   6.1471342e-01   3.6241146e-01
   2.0000000e+00   1.8419410e-01   5.9721135e-01   2.9993699e-01   1.3412293e-01   2.1260153e-01   2.7898834e-01   2.1429056e-01   3.3637298e-01   2.0537544e-01   3.4417221e-01   1.3283200e-02   8.9719135e-01   1.9665819e-01   9.3370517e-02   3.0736690e-01
   3.0000000e+00   7.3058536e-01   6.4647743e-01   8.3315199e-01   3.9828223e-01   7.4982221e-01   8.3522051e-01   3.2246040e-01   5.5226162e-01   9.7912913e-01   5.4930853e-01   8.9956354e-01   7.7389431e-01   8.7212731e-01   8.1347643e-01   8.7673759e-01
   2.0000000e+00   8.1397693e-01   8.9844414e-01   4.2923854e-01   3.3432942e-01   5.9664710e-01   2.8039816e-01   3.4041329e-01   3.5661827e-01   2.7349559e-01   3.9541028e-01   5.4281311e-01   5.4010583e-01   3.1110964e-01   7.1234572e-02   1.8198047e-01
   3.0000000e+00   7.2026236e-01   6.7877834e-01   2.1275901e-01   8.1623375e-02   2.7447941e-01   8.6751839e-01   5.5935707e-01   4.6462777e-01   4.3030090e-01   7.7398592e-01   9.4808806e-01   7.8154585e-01   8.3220418e-01   7.6485652e-01   8.8813576e-01
   3.0000000e+00   1.4166298e-01   4.3789426e-01   3.5038037e-01   4.7849750e-01   5.8740340e-01   1.4580570e-01   9.0533061e-01   6.4019425e-01   1.6293957e-01   5.6591059e-01   9.8974242e-01   8.0662038e-01   9.3713743e-01   7.6993289e-01   8.5753976e-01
   1.0000000e+00   4.7558317e-01   7.2936193e-01   7.6154912e-01   4.7080870e-01   6.7133594e-01   3.6245928e-01   7.8811343e-01   7.8029582e-01   6.6851221e-01   1.3350386e-01   2.1555887e-02   5.5984071e-01   3.0081902e-01   9.3940971e-01   9.8090364e-01
   2.0000000e+00   2.0567452e-01   3.8827163e-01   5.5177853e-01   2.2895325e-01   6.4194062e-01   1.9689607e-01   2.3036911e-01   4.1728979e-01   2.1006063e-01   3.2940663e-01   2.3737302e-01   5.3087226e-01   9.1498731e-02   4.0531542e-01   1.0484625e-01
   3.0000000e+00   2.2784294e-01   4.9809429e-01   9.0085249e-01   5.7466122e-01   8.4517819e-01   7.3864029e-01   5.8598704e-01   2.4673453e-01   6.6641622e-01   8.3482814e-02   9.4389397e-01   7.8218891e-01   9.4595037e-01   8.3361282e-01   9.4778790e-01
   3.0000000e+00   1.2826506e-01   2.5291116e-01   8.8396153e-01   1.9627691e-01   1.2135365e-01   5.4369499e-01   3.1462075e-01   3.8204092e-01   7.9153926e-01   8.3917948e-01   9.5203546e-01   7.3338440e-01   9.2857796e-01   7.3211222e-01   9.0215885e-01
   3.0000000e+00   6.4231523e-01   2.2126573e-01   8.3705645e-01   9.7107523e-01   8.4637289e-01   5.0599946e-01   2.7887561e-01   7.4661722e-01   2.3693038e-01   9.5734528e-01   9.4303901e-01   7.7005243e-01   8.3452090e-01   7.1355201e-01   8.5690778e-01
   3.0000000e+00   5.0784883e-01   5.8560913e-01   7.6288710e-01   8.2962649e-02   6.6159619e-01   5.1697901e-01   1.7104802e-01   9.3855786e-01   5.9048318e-01   4.4063468e-01   9.9128784e-01   7.8118276e-01   8.9038914e-01   8.2595461e-01   8.9157794e-01
   3.0000000e+00   4.5605767e-01   1.0166939e-01   9.9538973e-01   3.3209283e-01   2.9734682e-01   6.2045221e-02   2.9824397e-01   4.6351265e-02   5.0542814e-01   7.6142589e-01   9.4466050e-01   6.6797833e-01   8.1617248e-01   8.1658608e-01   9.3814184e-01
   3.0000000e+00   5.1331886e-02   7.2885299e-02   8.8527460e-02   7.9835086e-01   9.4300814e-01   6.8371557e-01   1.3208296e-01   7.2272454e-01   1.1035348e-01   1.1749285e-01   9.4610769e-01   7.1576284e-01   9.3076240e-01   8.1236972e-01   8.9789822e-01
   2.0000000e+00   7.4090530e-01   5.0679452e-01   1.9992541e-01   4.2719355e-01   1.6869028e-01   2.5033892e-01   2.7367017e-01   4.4127267e-01   2.0171725e-01   3.8290559e-01   6.2659097e-01   5.3874652e-01   6.5050764e-01   7.2662953e-01   9.4488564e-02
   2.0000000e+00   6.0738921e-01   1.9174526e-01   7.3842684e-01   2.4284960e-01   9.1742434e-01   1.5381232e-01   3.5310000e-01   3.2829930e-01   2.2874982e-01   3.0911135e-01   5.7620938e-01   6.8336324e-01   5.4659311e-01   4.2572884e-01   6.4444278e-01
   1.0000000e+00   5.2398610e-01   7.3537422e-01   7.4152061e-01   4.9771571e-01   6.2007165e-01   6.7146289e-01   5.7099108e-01   1.6976707e-01   1.4765578e-01   4.7607972e-01   9.0810242e-01   5.5217503e-01   3.2939893e-02   5.3862926e-02   8.0506323e-01
   1.0000000e+00   4.1845255e-01   7.1599374e-01   7.6570716e-01   4.9022796e-01   6.8253587e-01   1.8051690e-01   6.7849187e-01   5.5688490e-02   3.4057184e-02   2.8651845e-01   7.7390047e-02   9.0057229e-01   8.4660595e-01   3.9569847e-01   1.6921527e-01
   2.0000000e+00   5.2935990e-01   8.2998243e-01   8.5875903e-01   7.8902892e-01   3.1783305e-01   1.9044149e-01   3.5044559e-01   3.1647926e-01   2.1097424e-01   3.2698837e-01   5.2463735e-01   9.7265108e-01   7.1040869e-01   3.1185995e-01   2.9145713e-01
   3.0000000e+00   5.9618868e-02   6.8197190e-01   4.2431138e-02   7.1445465e-02   5.2164984e-01   9.6730026e-02   8.1814855e-01   8.1754709e-01   7.2243959e-01   1.4986544e-01   9.4894079e-01   7.5371899e-01   9.9459491e-01   7.9734872e-01   9.2504132e-01
   3.0000000e+00   6.5291568e-01   3.8148907e-01   3.0001858e-01   3.4013956e-01   9.1892654e-01   4.5626681e-01   4.4249695e-01   4.5418582e-01   9.4528201e-01   2.1911895e-01   9.8236042e-01   6.5397508e-01   8.6835298e-01   8.1490412e-01   8.6785046e-01
   1.0000000e+00   5.0127867e-01   7.2020470e-01   7.6926190e-01   5.0466021e-01   6.2572216e-01   7.9536157e-01   4.9266691e-01   3.5462285e-01   7.7506120e-01   2.3680481e-01   8.4483345e-01   8.1652697e-01   8.4622836e-01   3.7018685e-01   3.8322953e-01
   2.0000000e+00   2.4187230e-01   7.5983182e-01   2.9092574e-01   2.7743872e-01   6.1078030e-03   1.7494223e-01   2.8738656e-01   3.4564477e-01   2.2908603e-01   3.2425163e-01   9.3668361e-01   8.6019024e-01   3.9722826e-01   4.7941910e-01   5.6499609e-01
   3.0000000e+00   4.3027785e-01   6.9375257e-01   9.4521349e-01   7.8423260e-01   7.0557186e-01   1.0933424e-01   3.8993066e-01   5.9090473e-01   4.5938005e-01   5.0339987e-02   8.8430314e-01   8.1683781e-01   8.0312894e-01   8.2955663e-01   8.3475863e-01
   1.0000000e+00   4.6104323e-01   7.4974114e-01   8.6511676e-01   5.6849445e-01   6.4777864e-01   5.3406413e-01   8.9950679e-02   1.1170574e-01   1.3629255e-01   6.7865230e-01   4.9517702e-01   1.8971041e-01   4.9500582e-01   1.4760822e-01   5.4974147e-02
   2.0000000e+00   9.4311789e-01   1.1269949e-01   6.4828745e-01   4.8080405e-01   6.6520692e-02   2.7955425e-01   2.9944603e-01   4.1569551e-01   2.0603622e-01   3.2624575e-01   6.5106937e-01   1.3360391e-01   6.3854574e-01   3.8494309e-01   7.6569813e-01
   1.0000000e+00   5.0498318e-01   7.2770615e-01   7.0672077e-01   4.6032091e-01   6.4793996e-01   5.3086428e-01   6.5444571e-01   4.0761920e-01   8.1998122e-01   7.1835894e-01   9.6864933e-01   5.3133391e-01   3.2514568e-01   1.0562920e-01   6.1095866e-01
   2.0000000e+00   2.7145292e-01   8.6788314e-01   7.4150246e-01   4.4787273e-01   7.0963886e-01   2.8886626e-01   2.3482357e-01   3.3668944e-01   2.6409291e-01   3.8086125e-01   8.5337101e-01   3.9811765e-01   1.1549381e-01   8.0280952e-02   3.6046762e-01
   2.0000000e+00   8.5071267e-01   5.6055953e-01   9.2960887e-01   6.9666720e-01   5.8279097e-01   2.6307944e-01   3.7580278e-01   4.4833674e-01   2.0005224e-01   3.8654386e-01   6.1256647e-01   9.8995021e-01   5.2768007e-01   4.7952339e-01   8.0134761e-01
   3.0000000e+00   8.9542352e-01   5.8251852e-01   5.8274681e-01   8.5492594e-01   3.4865700e-02   8.8542010e-01   4.0773081e-01   3.6382030e-02   7.4614794e-01   1.5482877e-01   8.7158625e-01   7.7119181e-01   8.5089617e-01   7.4862313e-01   8.7522386e-01
   1.0000000e+00   5.1939325e-01   6.4667475e-01   8.2016779e-01   4.6686936e-01   6.7736485e-01   8.3784069e-01   9.2079011e-01   4.9822793e-01   2.7761112e-01   6.5251996e-01   9.1729880e-01   5.0983945e-01   9.7419148e-01   1.9727894e-01   1.1118498e-01
   3.0000000e+00   8.7757393e-01   1.4362144e-02   2.9430263e-01   1.7991488e-01   9.2629427e-01   6.8180437e-02   5.8109323e-01   6.3715122e-01   6.5126926e-01   8.6462201e-01   8.5839288e-01   8.1337103e-01   9.0578449e-01   8.0415258e-01   8.5155061e-01
   2.0000000e+00   6.6043797e-01   4.7554673e-02   3.4878481e-01   4.5134058e-01   2.4090500e-01   2.4300900e-01   3.7123646e-01   3.4222615e-01   2.7310508e-01   3.1377629e-01   8.3672278e-01   1.3860172e-01   5.8820939e-01   3.6615680e-01   8.0675954e-01
   3.0000000e+00   5.3096445e-01   9.0120809e-01   5.4055043e-01   4.3198061e-01   5.4266699e-01   7.1241481e-01   1.6674713e-02   8.0092088e-01   1.4250932e-01   4.7847447e-01   8.8852530e-01   7.2381834e-01   9.3235298e-01   7.2544132e-01   8.5984800e-01
   2.0000000e+00   1.4188634e-01   4.2176128e-01   9.1573553e-01   7.9220733e-01   9.5949243e-01   2.3114814e-01   2.0714234e-01   4.2736940e-01   2.9339932e-01   3.6787352e-01   7.5774013e-01   7.4313247e-01   3.9222702e-01   6.5547789e-01   1.7118669e-01
   1.0000000e+00   5.0035639e-01   7.0004226e-01   7.4359876e-01   5.3574236e-01   6.1832837e-01   6.7116623e-01   5.9958555e-01   5.5976157e-02   5.6343019e-02   1.5250064e-01   1.9621067e-02   4.3517555e-01   8.3222148e-01   6.1739017e-01   5.2012942e-01
   3.0000000e+00   2.3487557e-03   6.4020985e-01   8.0318258e-01   2.4513076e-01   6.4122232e-02   2.6314832e-01   1.0272036e-01   4.8371902e-01   4.1888446e-01   3.8128901e-01   9.8301477e-01   7.3411150e-01   8.5676957e-01   7.0722717e-01   8.5239575e-01
   3.0000000e+00   3.1642900e-01   2.1756331e-01   2.5104185e-01   8.9292241e-01   7.0322322e-01   5.5573794e-01   1.8443367e-01   2.1203084e-01   7.7346808e-02   9.1380041e-01   9.5600728e-01   7.6155779e-01   8.6268580e-01   7.2493053e-01   9.0281216e-01
   2.0000000e+00   8.3334865e-01   2.0371543e-01   5.4441770e-01   8.7494272e-01   1.2100009e-01   2.7127015e-01   3.7995520e-01   3.3267977e-01   2.0769791e-01   3.4742152e-01   8.3502747e-01   4.6939350e-01   4.1376994e-01   5.0274626e-01   1.2543996e-01
   1.0000000e+00   4.8149199e-01   7.4050405e-01   8.9128691e-01   5.1668132e-01   6.1280967e-01   5.7340148e-02   6.2945049e-01   7.9617907e-01   6.9119133e-01   3.4530786e-01   9.4681667e-01   5.2019032e-01   9.5381303e-01   7.3595636e-02   2.0703195e-01
   1.0000000e+00   4.2671754e-01   6.7192698e-01   7.1134094e-01   5.2828285e-01   6.5037735e-01   1.7566903e-01   2.0894667e-01   9.0515356e-01   6.7539118e-01   4.6846820e-01   9.1213247e-01   1.0401157e-01   7.4554607e-01   7.3626746e-01   5.6186143e-01
   3.0000000e+00   4.5635072e-01   4.7843800e-02   7.3825699e-01   3.8001535e-02   9.5424432e-01   7.4237233e-01   9.3744957e-01   5.1336399e-01   2.4090480e-01   2.5996528e-01   9.6384612e-01   8.4866855e-01   8.7134115e-01   8.1292868e-01   8.3875606e-01
   2.0000000e+00   2.2802832e-01   3.7086472e-01   8.9092882e-01   8.5637691e-01   4.0243355e-01   1.6360382e-01   3.2172709e-01   4.3652928e-01   2.9090982e-01   3.5915944e-01   3.3257141e-01   8.5306363e-01   4.4239789e-01   9.0435548e-01   3.3179406e-02
   1.0000000e+00   4.7911509e-01   7.4499839e-01   8.2148316e-01   5.3825497e-01   6.6501523e-01   2.4417289e-01   4.2896035e-01   1.0177456e-02   6.0882145e-01   9.5797519e-01   9.5446524e-02   3.5590563e-02   8.8623511e-01   2.4694137e-01   8.9150563e-03
   3.0000000e+00   6.3345504e-01   9.8609810e-01   2.0715665e-01   7.5708394e-01   8.8632811e-01   4.7222986e-01   1.5891353e-01   8.1092079e-01   4.7650775e-01   1.1628753e-01   9.8135809e-01   7.7703728e-01   8.1945627e-01   8.3626592e-01   8.2937700e-01
   2.0000000e+00   3.5077674e-01   6.8553571e-01   2.9414863e-01   5.3062930e-01   8.3242339e-01   2.1949804e-01   2.6706227e-01   3.4488375e-01   2.4525925e-01   3.4226457e-01   3.5960632e-01   5.5831920e-01   7.4254537e-01   4.2433478e-01   4.2935579e-01
   1.0000000e+00   4.7073518e-01   7.0859834e-01   7.1193821e-01   5.4870455e-01   7.3344530e-01   1.0963261e-01   4.3777311e-01   2.8023009e-01   9.8524631e-01   6.0875871e-01   2.5374921e-01   1.3261473e-01   5.4500489e-01   8.2780393e-01   8.3700627e-01
   3.0000000e+00   6.1354588e-01   9.8806129e-01   2.1990078e-01   3.5408108e-01   2.6624188e-01   2.9149803e-01   1.8838954e-01   2.2859624e-02   4.4940418e-01   2.4364019e-01   9.8030898e-01   7.5572215e-01   9.8282703e-01   8.4608953e-01   8.9817824e-01
   2.0000000e+00   1.9764664e-02   9.6429173e-01   9.7037290e-01   1.2386051e-01   4.6741003e-01   2.3133880e-01   2.5803711e-01   4.1318050e-01   2.5581181e-01   3.4277926e-01   2.6719406e-01   7.5373607e-01   8.9837633e-01   7.2844403e-01   4.0683013e-01
   2.0000000e+00   2.0518125e-01   4.3913408e-01   2.7250220e-02   8.7618434e-01   6.1009225e-01   1.4071848e-01   3.0398336e-01   3.0807365e-01   2.8621874e-01   3.4429347e-01   5.4800916e-01   5.6686083e-01   6.8039499e-01   3.7137858e-01   7.8228709e-02
   3.0000000e+00   1.6289890e-01   8.3840577e-01   1.6756093e-01   5.0220062e-01   9.9932948e-01   3.5540715e-01   4.7077710e-02   2.1366059e-01   3.9783912e-01   3.3366818e-01   8.8444038e-01   8.3722404e-01   9.3663776e-01   8.4431707e-01   8.7974665e-01
   1.0000000e+00   4.7012755e-01   6.2826721e-01   7.1362689e-01   5.5713636e-01   6.4619790e-01   6.7116397e-01   6.5242084e-01   5.3104884e-01   7.1510703e-01   5.0481062e-01   4.8799936e-01   4.9783831e-01   9.3597555e-01   3.8928168e-01   1.1714517e-01
   2.0000000e+00   9.3004063e-01   3.9901997e-01   4.7401462e-02   3.4237350e-01   7.3596616e-01   2.5893643e-01   3.0898118e-01   4.0293352e-01   2.8936327e-01   3.0547918e-01   3.0366138e-01   4.6191556e-02   1.9547676e-01   7.2016580e-01   7.2175327e-01
   1.0000000e+00   4.5215690e-01   6.2999945e-01   8.1721841e-01   4.8932180e-01   6.0666811e-01   7.5493327e-01   2.4278536e-01   4.4240231e-01   6.8779609e-01   3.5922821e-01   7.3634007e-01   3.9470748e-01   6.8341587e-01   7.0404743e-01   4.4230541e-01
   1.0000000e+00   5.0581618e-01   6.0100578e-01   8.5650316e-01   5.8902894e-01   6.0124435e-01   8.2462834e-01   7.6733587e-01   9.9713690e-01   2.2765307e-01   9.1954221e-01   6.4199931e-01   1.0532018e-01   2.6816091e-01   7.6384376e-01   8.0551016e-01
   3.0000000e+00   2.0774229e-01   3.0124633e-01   4.7092335e-01   2.3048816e-01   8.4430879e-01   1.9476429e-01   2.2592178e-01   1.7070805e-01   2.2766430e-01   4.3569868e-01   8.9666534e-01   8.3467593e-01   8.8604148e-01   7.2772245e-01   9.3811012e-01
   2.0000000e+00   8.6133475e-01   4.6390919e-01   5.7054822e-01   6.9530681e-01   9.6091727e-01   2.0926260e-01   3.2731531e-01   3.8563387e-01   2.9271121e-01   3.8637656e-01   1.6983925e-01   1.7869903e-01   2.4350437e-01   7.5177936e-01   1.9913438e-01
   1.0000000e+00   5.3966674e-01   6.3815693e-01   7.5171645e-01   5.8467985e-01   6.8900428e-01   5.0384008e-01   6.1280959e-01   8.1942224e-01   5.3188917e-01   2.0207510e-01   4.5389347e-01   4.2791092e-01   9.6605275e-01   6.2005505e-01   6.9538995e-01
   3.0000000e+00   6.1644349e-01   9.3966101e-01   3.5445573e-01   4.1062909e-01   9.8434942e-01   9.4557919e-01   6.7664468e-01   9.8830226e-01   7.6683139e-01   3.3669926e-01   9.4935728e-01   6.9883306e-01   8.5910145e-01   8.0202676e-01   8.9098085e-01
   1.0000000e+00   5.3783837e-01   7.2050745e-01   8.4042765e-01   5.6155124e-01   6.5776534e-01   2.5150379e-01   3.6759737e-02   4.7212287e-01   6.4507233e-01   2.7896994e-01   5.1786091e-01   2.4566664e-01   2.9750817e-01   6.5047409e-01   8.9139331e-01
   1.0000000e+00   5.3402115e-01   6.9316401e-01   8.1217135e-01   5.2416845e-01   6.1016782e-01   8.9764654e-01   2.8856531e-01   2.6904681e-01   5.9419418e-01   4.7587902e-01   3.6831104e-01   6.5561109e-01   9.3820041e-01   6.2042519e-01   2.8284009e-01
   3.0000000e+00   6.7612230e-01   2.8906457e-01   6.7180817e-01   6.9514050e-01   6.7992768e-02   2.5479016e-01   2.2404003e-01   6.6783273e-01   8.4439216e-01   3.4446241e-01   9.6707795e-01   7.8506641e-01   8.0134306e-01   7.9032557e-01   8.7334640e-01
   2.0000000e+00   1.2532479e-01   3.6447718e-01   6.7623009e-01   3.7575817e-01   8.6345849e-01   1.5839535e-01   2.2669500e-01   4.0089758e-01   2.2025850e-01   3.8685152e-01   7.5115732e-01   4.1937965e-01   2.3106520e-04   1.4946373e-01   2.7383430e-01
   2.0000000e+00   7.7880224e-01   4.2345292e-01   9.0823286e-02   2.6647149e-01   1.5365672e-01   1.5620106e-01   2.8801703e-01   3.7907141e-01   2.4574244e-01   3.8753716e-01   5.1805211e-01   9.4362262e-01   6.3770910e-01   9.5769394e-01   2.4070704e-01
   2.0000000e+00   7.5819453e-01   8.8703073e-01   6.8798171e-02   1.8352820e-01   7.3707265e-01   2.3934297e-01   3.5539858e-01   3.7528551e-01   2.4254968e-01   3.6112371e-01   8.5577189e-01   6.7079711e-01   5.2359204e-01   2.9881541e-01   7.0396908e-01
   1.0000000e+00   4.2898166e-01   7.3788702e-01   7.1009100e-01   4.7766512e-01   6.0684875e-01   8.8504150e-01   8.3979439e-01   1.1815525e-01   4.1041485e-01   1.2022859e-01   5.7209252e-01   9.4939013e-01   2.5638516e-01   9.8986544e-01   3.4980804e-01
   1.0000000e+00   4.5266476e-01   6.1085947e-01   8.4174092e-01   5.9893927e-01   6.2437147e-01   1.1356634e-01   9.1287543e-01   4.8165698e-01   8.5180595e-01   8.0991380e-01   1.8675954e-01   2.4719986e-01   5.4188841e-02   6.0896146e-01   7.7723243e-01
   1.0000000e+00   4.9801852e-01   6.9793107e-01   8.9457045e-01   5.6227349e-01   6.8517617e-01   2.9896416e-01   2.5610978e-01   8.8656379e-01   4.4680086e-01   8.1598725e-01   9.8337302e-02   8.5959345e-01   2.7629008e-02   8.9915643e-01   8.9993550e-01
   3.0000000e+00   5.2855909e-01   5.1436054e-02   7.5687547e-01   6.0197977e-01   8.5716871e-01   9.8827714e-01   9.2948447e-01   4.0951493e-01   3.4146222e-04   5.4087832e-01   8.8115959e-01   6.9385672e-01   8.6516125e-01   7.1439241e-01   9.1844171e-01
   1.0000000e+00   5.4696226e-01   6.8777399e-01   7.2222384e-01   4.8870970e-01   6.6130798e-01   5.9489607e-01   2.6221175e-01   6.0284309e-01   7.1121578e-01   2.2174673e-01   1.1741765e-01   2.9667587e-01   3.1877830e-01   4.2416676e-01   5.0785828e-01
   3.0000000e+00   2.8644587e-01   6.8712911e-01   1.4114982e-01   5.1208665e-01   7.2132693e-01   9.2884514e-01   7.3210385e-01   7.4984802e-01   4.0731960e-01   2.3949170e-01   9.2812757e-01   6.9381547e-01   9.6847758e-01   7.9943994e-01   9.2702941e-01
   2.0000000e+00   1.0425300e-01   4.6975878e-01   2.1906189e-01   9.2270791e-01   3.2032263e-01   2.7150876e-01   2.5196933e-01   4.3170944e-01   2.1882676e-01   3.7591938e-01   3.1689300e-02   6.4233916e-01   5.6687091e-01   3.7640955e-01   2.1254838e-01
   2.0000000e+00   9.9258982e-01   4.5584370e-01   4.2604088e-01   2.1321478e-01   1.9324948e-01   2.6655085e-01   3.4532742e-01   3.7946185e-01   2.8290807e-01   3.5118744e-01   5.5196185e-01   2.1328489e-01   5.8782063e-01   1.4276323e-01   5.2223528e-02
   2.0000000e+00   3.0385162e-01   4.8329457e-01   3.3781204e-01   7.9848583e-01   9.8748758e-01   1.3180951e-01   2.4737596e-01   4.0533549e-01   2.3754717e-01   3.9737049e-01   9.7230556e-01   6.4369805e-01   8.6009888e-01   4.0188340e-01   6.3193080e-01
   3.0000000e+00   4.9861885e-02   6.8528857e-01   6.2027812e-01   7.4668463e-01   9.7725565e-01   3.8391351e-01   2.6020560e-01   8.7746954e-01   8.0609598e-01   4.6112108e-01   8.6364425e-01   7.6285377e-01   8.3747658e-01   7.7975344e-01   8.6937917e-01
   2.0000000e+00   8.9682901e-01   6.7612008e-01   8.2839695e-01   1.1008885e-01   2.7922733e-01   2.5352723e-01   2.4321132e-01   3.0510932e-01   2.4365519e-01   3.9368637e-01   2.6208896e-01   5.6974550e-01   3.5955304e-01   2.6838629e-02   5.0041919e-01
   2.0000000e+00   8.3187134e-01   1.3433834e-01   6.0466772e-02   8.4247052e-02   1.6389832e-01   1.6484398e-01   2.6034536e-01   3.0175215e-01   2.5399051e-01   3.0953727e-01   1.4651486e-01   6.3114121e-01   8.5932041e-01   9.7422163e-01   5.7083843e-01
   2.0000000e+00   9.3497909e-01   4.7948455e-01   2.3179161e-01   3.9629025e-01   7.0507748e-01   2.1171181e-01   3.5132614e-01   4.4932216e-01   2.9624314e-01   3.5350671e-01   9.6387013e-01   1.1562588e-01   5.1448293e-02   3.0434895e-01   5.8019183e-01
   2.0000000e+00   6.8977846e-02   1.6678458e-01   9.4743826e-01   8.1108842e-01   7.1045569e-01   2.9404911e-01   3.9968536e-01   4.4811822e-01   2.1500866e-01   3.9584788e-01   5.3045905e-01   7.4086517e-02   3.1182090e-01   8.9517078e-01   8.3476831e-01
   2.0000000e+00   7.7502781e-01   9.1418782e-01   7.8255065e-01   2.9553420e-01   1.5184572e-01   2.6958210e-01   3.5697092e-01   3.4062473e-01   2.2278107e-01   3.3210232e-01   8.2956180e-01   8.2218219e-01   5.7068285e-01   5.7182964e-01   2.8601827e-01
   3.0000000e+00   6.0431351e-01   5.1643241e-01   7.5074041e-03   6.8893336e-01   9.4602038e-01   8.7353646e-01   1.1327645e-01   3.5456934e-01   2.4193683e-01   5.6033331e-01   9.4190907e-01   7.1016182e-01   9.5962834e-01   8.1934624e-01   9.2263653e-01
   1.0000000e+00   5.1227634e-01   7.0865989e-01   7.6762646e-01   5.7485005e-01   6.8288583e-01   9.5754312e-01   8.9283332e-01   3.5650362e-01   5.4640189e-01   3.4668175e-01   6.2280279e-01   7.9662469e-01   7.4587490e-01   1.2553623e-01   8.2239401e-01
   1.0000000e+00   4.5690548e-01   7.7293451e-01   7.8399207e-01   4.8598162e-01   6.8964818e-01   4.7940440e-01   8.9854750e-01   9.3470924e-01   8.1788683e-01   7.0890898e-01   7.4322057e-01   8.9970978e-01   6.5239805e-02   3.3591117e-01   4.3350726e-03
   1.0000000e+00   4.8955678e-01   6.8611904e-01   8.4614360e-01   4.8917643e-01   6.1422115e-01   4.5096349e-01   6.4007451e-01   1.3203882e-01   4.5282243e-01   6.5219960e-01   8.2699833e-01   3.0807691e-01   4.0236358e-01   8.8423132e-01   7.0057951e-01
   2.0000000e+00   5.4471611e-01   6.4731148e-01   5.4388593e-01   7.2104662e-01   5.2249531e-01   2.9874092e-01   2.4373533e-01   3.1586974e-01   2.1096975e-01   3.0635914e-01   4.0458000e-01   4.4837291e-01   3.6581618e-01   7.6350464e-01   6.2789638e-01
   1.0000000e+00   4.4721753e-01   7.4534829e-01   8.0315457e-01   5.6859673e-01   6.3067389e-01   6.7810608e-01   5.2485543e-02   8.0117236e-01   6.7856864e-01   9.4600895e-01   9.1558143e-02   9.0843837e-01   5.0995304e-01   6.1490357e-01   3.1607120e-01
   1.0000000e+00   4.0596245e-01   7.9771358e-01   8.3723632e-01   5.0650338e-01   6.7564864e-01   7.6349568e-01   4.8874797e-02   7.2592766e-01   7.0132806e-01   4.5889083e-01   5.8229481e-01   3.3908980e-01   1.7062541e-01   3.9919340e-01   9.1977719e-01
   3.0000000e+00   5.3242648e-01   7.1649735e-01   1.7930184e-01   3.3653293e-01   1.8771295e-01   3.2192718e-01   4.0385671e-01   5.4856630e-01   4.8738593e-02   5.5273213e-01   8.9122171e-01   6.9830035e-01   8.4862904e-01   7.2312392e-01   9.4455205e-01
   2.0000000e+00   7.7220673e-01   4.7535430e-01   6.8089956e-01   4.1693475e-01   3.8014920e-01   1.4265408e-01   2.7658760e-01   3.0445016e-01   2.4723211e-01   3.3333727e-01   9.7584480e-01   5.5544354e-01   8.4630364e-01   4.0806349e-01   4.6201816e-01
   1.0000000e+00   4.7798984e-01   7.9783716e-01   7.9798303e-01   5.5423098e-01   6.6171327e-01   3.4776740e-02   2.9283156e-01   8.0144174e-01   3.4650199e-01   8.3315945e-02   5.1110637e-01   3.6683341e-01   7.3947950e-01   5.2474016e-01   8.0452088e-01
   1.0000000e+00   4.1626546e-01   6.0722281e-01   8.2361825e-01   5.3507165e-01   7.4429470e-01   7.4610547e-01   6.6251610e-01   5.2331332e-01   2.5989428e-01   9.6199377e-01   5.4020404e-01   3.0270163e-02   6.9631446e-01   5.1971616e-01   5.9030556e-02
   1.0000000e+00   5.1100485e-01   6.4696538e-01   8.4699151e-01   5.9558978e-01   7.3003954e-01   8.6234530e-02   3.6643662e-01   3.6919880e-01   6.8502847e-01   5.9794164e-01   7.8936394e-01   3.6765292e-01   2.0602786e-01   8.6666547e-02   7.7193392e-01
   2.0000000e+00   4.1342729e-01   2.1773207e-01   1.2565459e-01   3.0891459e-01   7.2610443e-01   2.5657441e-01   3.3875752e-01   3.0147034e-01   2.8432133e-01   3.9223320e-01   7.7095422e-01   4.2659856e-02   3.7818614e-01   7.0433962e-01   7.2951305e-01
   3.0000000e+00   6.9913356e-01   7.9625794e-01   4.4158906e-01   4.4621561e-01   4.6566241e-01   2.7903919e-01   6.7537532e-01   9.0366453e-01   9.0852590e-01   7.4719694e-01   8.8907673e-01   7.8792757e-01   8.2636613e-01   7.1852512e-01   8.4886286e-01
   2.0000000e+00   1.4025536e-01   2.6013019e-01   8.6815101e-02   4.2939734e-01   2.5728278e-01   1.5951108e-01   2.8497168e-01   3.1788109e-01   2.4950669e-01   3.7064072e-01   2.4357337e-01   7.8507008e-01   7.4089577e-02   3.9388343e-01   3.3941230e-03
   2.0000000e+00   5.1106409e-01   2.7750088e-02   9.9038528e-01   5.0093992e-01   3.3199749e-01   1.3477663e-01   3.2512728e-01   3.8627022e-01   2.7509854e-01   3.1535188e-01   3.5678720e-01   1.4395080e-01   8.5060766e-01   3.3786974e-01   2.7519649e-01
   3.0000000e+00   8.4370471e-02   9.7208916e-01   3.1459936e-02   8.3540455e-01   8.3571335e-01   4.9857501e-02   5.4588621e-01   9.4316984e-01   3.2147307e-01   8.0646680e-01   9.4020981e-01   8.0792409e-01   9.5983701e-01   7.0743471e-01   8.6039983e-01
   3.0000000e+00   1.0665277e-01   9.6189808e-01   4.6342241e-03   7.7491046e-01   8.1730322e-01   8.6869471e-01   8.4435846e-02   3.9978265e-01   2.5987040e-01   8.0006848e-01   9.1471207e-01   8.3212952e-01   8.3636941e-01   7.3957044e-01   8.4319237e-01
   2.0000000e+00   8.6110647e-01   2.0991508e-01   3.9909391e-01   8.8788302e-01   2.5652801e-01   2.9336032e-01   3.2383147e-01   3.2480186e-01   2.8261990e-01   3.6556931e-01   5.4645258e-01   2.5132928e-01   4.0156385e-02   2.3337541e-01   3.6111294e-01
   3.0000000e+00   3.9002651e-01   4.9790294e-01   6.9480519e-01   8.3436900e-01   6.0962969e-01   5.7473716e-01   3.2604217e-01   4.5642460e-01   7.1379558e-01   8.8440505e-01   9.5812835e-01   6.5372255e-01   9.3495529e-01   7.6577632e-01   8.7972752e-01
   1.0000000e+00   5.2878558e-01   7.8221341e-01   8.3992675e-01   5.5877735e-01   6.3448291e-01   5.7605346e-01   8.1062811e-01   4.0384337e-01   9.8843927e-01   8.9998815e-02   3.2094103e-01   5.1140894e-01   6.0606367e-02   7.2568792e-01   5.5655575e-01
   3.0000000e+00   3.2248159e-01   9.7614654e-01   2.7821104e-01   7.2830805e-02   7.5122361e-01   8.3118862e-01   9.2233809e-01   3.2702429e-01   8.0406926e-01   5.3825033e-01   9.1949423e-01   8.1415005e-01   9.9038130e-01   7.1144093e-01   9.1358388e-01
   2.0000000e+00   3.6503263e-01   3.0914962e-01   1.2091238e-01   9.1576570e-01   1.3547821e-01   1.6642358e-01   3.7949598e-01   3.7494732e-01   2.6152882e-01   3.5831330e-01   6.9825393e-01   2.9332343e-02   5.2788269e-01   3.2072846e-02   8.2714232e-01
   2.0000000e+00   4.5137485e-01   3.8264623e-01   7.8964370e-01   3.6428687e-01   5.3234993e-01   2.4233134e-01   3.7429530e-01   3.4930344e-01   2.6501180e-01   3.9748361e-01   7.5967361e-02   5.8701917e-01   4.1388650e-01   3.0913643e-01   2.6383404e-01
   1.0000000e+00   5.3892536e-01   6.5969989e-01   7.6761696e-01   5.7892202e-01   6.5107175e-01   1.3812040e-01   5.0779896e-01   8.5665648e-01   3.8431362e-01   6.9569093e-01   6.2790418e-01   4.5038815e-01   4.7361794e-01   9.4970635e-01   8.3497562e-02
   3.0000000e+00   5.2211380e-02   5.7118610e-01   7.4766998e-01   3.2024356e-01   4.9293432e-01   2.2165275e-01   9.3927374e-01   4.8230529e-01   5.3999609e-01   2.2105710e-01   8.6439175e-01   6.6203308e-01   9.6390177e-01   8.1572175e-01   8.4946197e-01
   2.0000000e+00   2.9046249e-01   4.0255439e-01   8.6205730e-01   6.1473955e-01   9.9118779e-01   1.4073978e-01   3.6544182e-01   4.0137924e-01   2.2489495e-01   3.4757856e-01   3.9907523e-01   5.9943825e-01   8.0052277e-01   1.0506877e-01   8.2144219e-01
   2.0000000e+00   6.7455743e-01   8.3515964e-01   6.5648793e-01   9.8391698e-01   9.7978987e-01   1.5003060e-01   3.2491414e-01   4.0923636e-01   2.4981703e-01   3.8498283e-01   1.9091820e-01   1.2414379e-01   2.7904213e-03   1.5295279e-01   5.3416082e-01
   1.0000000e+00   4.8205133e-01   6.5926416e-01   8.4893856e-01   4.7834325e-01   7.0301632e-01   1.8351116e-01   3.6848460e-01   6.2561856e-01   7.8022744e-01   8.1125769e-02   9.2938597e-01   7.7571268e-01   4.8679163e-01   4.3585859e-01   4.4678375e-01
   2.0000000e+00   9.4691600e-01   5.1009971e-01   7.9187918e-01   4.5217350e-01   8.4919871e-01   1.7808617e-01   3.4767530e-01   4.4646578e-01   2.5232991e-01   3.4299153e-01   2.0715808e-01   3.2340138e-01   1.1087022e-01   3.7521005e-01   3.2990398e-01
   3.0000000e+00   7.5876627e-01   9.9521598e-01   1.8657144e-01   7.8114527e-01   1.9579798e-01   9.9235897e-01   8.0226157e-01   4.2422671e-01   7.2886387e-01   4.9835358e-01   9.7134854e-01   7.2130179e-01   8.1464869e-01   7.8864872e-01   9.3877348e-01
   3.0000000e+00   7.7198039e-01   9.3285357e-01   9.7274085e-01   1.9202835e-01   1.3887420e-01   6.9626634e-01   9.3820027e-02   5.2540440e-01   5.3034422e-01   8.6113981e-01   9.2272800e-01   7.2869127e-01   9.3428623e-01   8.1118869e-01   8.9000656e-01
   1.0000000e+00   5.4281880e-01   7.9517079e-01   7.0618291e-01   5.2408228e-01   7.2940832e-01   2.4287617e-01   8.3427016e-01   8.1359119e-01   6.2897310e-01   2.2381986e-03   3.7972394e-01   9.0440570e-01   6.8035167e-01   3.7882313e-01   6.3195471e-01
   3.0000000e+00   6.0109731e-03   8.0191197e-01   4.9740828e-01   5.3784284e-01   8.7091252e-01   7.2284357e-01   6.6808593e-01   1.7882779e-01   5.5049535e-01   9.5987508e-01   9.3940325e-01   8.1171414e-01   9.9690647e-01   8.3288867e-01   8.5172963e-01
   2.0000000e+00   2.1929823e-02   8.0828055e-01   1.7920950e-01   1.6539225e-01   1.8160347e-01   2.3828731e-01   2.4275270e-01   3.4471573e-01   2.7683351e-01   3.5011501e-01   9.0946481e-01   5.7852903e-02   4.3675193e-01   5.7225475e-01   5.6506716e-01
   1.0000000e+00   4.4761418e-01   7.6290795e-01   8.5781470e-01   5.7783958e-01   6.7584549e-01   6.3566139e-01   9.5089442e-01   4.4396416e-01   6.0018820e-02   8.6674990e-01   6.3118873e-01   3.5507365e-01   9.9700327e-01   2.2417150e-01   6.5245107e-01
   2.0000000e+00   8.2809560e-01   5.0743538e-01   3.6616244e-01   2.2663972e-01   5.3483171e-01   1.5789697e-01   2.1367418e-01   3.1274561e-01   2.0683395e-01   3.4098165e-01   1.2338138e-01   4.4301659e-01   8.9893974e-01   3.5363900e-01   1.2017812e-01
   1.0000000e+00   4.2997512e-01   7.2146798e-01   8.0860900e-01   4.7434870e-01   6.0084796e-01   7.7148515e-01   7.6478756e-01   4.2106935e-01   5.6813181e-02   5.8574700e-01   1.7415524e-01   7.2861066e-01   5.3429105e-01   2.5306429e-01   9.1705675e-01
   2.0000000e+00   4.9532579e-02   4.8956999e-01   1.9251040e-01   1.2308375e-01   2.0549417e-01   1.2930298e-01   2.3781443e-01   3.0639786e-01   2.6351979e-01   3.2818669e-01   5.3859668e-01   6.9516304e-01   4.9911601e-01   5.3580106e-01   4.4518317e-01
   2.0000000e+00   4.6123176e-01   6.3932376e-01   9.1733604e-01   1.6157257e-01   7.1563540e-01   2.1554778e-01   2.8665980e-01   4.3263642e-01   2.3930518e-01   3.1789752e-01   6.3333358e-01   6.2400055e-01   3.2794160e-01   8.0296532e-01   9.9947786e-01
   2.0000000e+00   2.7982892e-01   4.4700731e-01   5.8757126e-01   8.7763414e-01   4.6910052e-01   1.8748370e-01   3.4923699e-01   3.7018657e-01   2.8608274e-01   3.4665120e-01   4.9810449e-01   4.8743065e-01   2.2946877e-01   8.5552232e-02   6.7383314e-02
   1.0000000e+00   4.6948909e-01   6.4243264e-01   7.1970375e-01   5.7353617e-01   6.2625146e-01   1.6356991e-01   6.6598722e-01   8.9438938e-01   5.1655821e-01   7.0270231e-01   1.5359038e-01   9.5345707e-01   5.4088408e-01   6.7973390e-01   3.6563018e-02
   3.0000000e+00   9.2988927e-02   4.6348925e-01   9.3325120e-03   9.1502591e-01   6.4274174e-01   1.4190582e-03   3.0385272e-02   2.0847022e-01   4.5496615e-01   1.2726603e-01   8.5129715e-01   7.9541592e-01   8.7082329e-01   8.1706689e-01   8.7958208e-01
   2.0000000e+00   6.0986665e-01   6.1766639e-01   8.5944231e-01   8.0548942e-01   5.7672152e-01   1.3658449e-01   2.4798640e-01   4.3297679e-01   2.0286742e-01   3.4899014e-01   1.6792715e-01   9.7868065e-01   7.1269447e-01   5.0047162e-01   4.7108837e-01
   3.0000000e+00   6.4761763e-01   6.7901675e-01   6.3578671e-01   9.4517411e-01   2.0893492e-01   7.0928170e-01   2.3623058e-01   1.1939625e-01   6.0730394e-01   4.5013770e-01   9.1880882e-01   7.8238895e-01   9.5405710e-01   7.5253270e-01   9.0775120e-01
   3.0000000e+00   5.0378079e-01   4.8959434e-01   8.7704872e-01   3.5314181e-01   4.4944356e-01   9.6353029e-01   4.2297798e-02   9.7295833e-01   1.8920684e-01   6.6712030e-01   9.3796594e-01   7.8502248e-01   8.7220441e-01   7.9304176e-01   9.2639386e-01
   1.0000000e+00   4.2973327e-01   6.3901431e-01   7.6536793e-01   5.8205068e-01   6.7066528e-01   4.0396937e-01   1.7923148e-01   9.6892500e-01   4.0745574e-01   8.4448740e-01   6.1532510e-01   3.7661108e-01   8.7718175e-01   7.8485243e-01   4.6495428e-01
   1.0000000e+00   4.9314380e-01   7.1474195e-01   7.1041558e-01   5.8968021e-01   7.0929925e-01   7.3784165e-01   6.3404501e-02   8.6044056e-01   9.3440512e-01   9.8439831e-01   8.5893882e-01   7.8555899e-01   5.1337742e-01   1.7760246e-01   3.9858950e-01
   2.0000000e+00   3.5625634e-01   4.7557844e-01   6.7102202e-01   9.5964520e-01   8.9084266e-02   2.5954849e-01   3.1815515e-01   4.3682951e-01   2.1011293e-01   3.2932946e-01   5.1588205e-02   5.0412818e-01   7.6837575e-01   2.8298538e-01   2.2536025e-01
   2.0000000e+00   1.4863255e-01   6.5811618e-01   6.3398255e-01   2.2930625e-01   1.8222802e-01   1.3327050e-01   2.2992142e-01   3.3041211e-01   2.9549589e-01   3.0159083e-01   9.5751435e-01   2.5692285e-02   9.7111066e-01   2.9759568e-01   5.2507308e-01
   3.0000000e+00   1.1228396e-01   7.8442789e-01   2.9157032e-01   6.0353344e-01   9.6442267e-01   4.3248499e-01   6.9475219e-01   7.5809928e-01   4.3264233e-01   6.5549804e-01   8.6646326e-01   8.3675197e-01   8.3749216e-01   7.3992683e-01   9.2472878e-01
   2.0000000e+00   8.1492027e-01   1.4049944e-01   8.7986644e-01   9.5376786e-02   3.5256010e-01   2.1868411e-01   3.1703633e-01   4.0015226e-01   2.6480271e-01   3.4333691e-01   1.3975876e-01   7.5192951e-01   2.4178679e-01   6.5045932e-01   8.5737406e-01
   1.0000000e+00   4.2185981e-01   7.1700872e-01   7.1467234e-01   5.7334893e-01   7.0843545e-01   9.2585804e-01   4.9263860e-01   6.5488290e-01   8.9012348e-01   5.3852557e-01   2.8220516e-01   9.7595752e-01   3.6425516e-02   3.2624457e-01   9.7301362e-01
   2.0000000e+00   1.5186870e-01   3.8066427e-01   8.2101940e-01   1.7136438e-01   3.2997528e-01   2.9329440e-01   3.6125852e-01   3.3332819e-01   2.9997731e-01   3.0637387e-01   4.2548312e-01   4.0433815e-01   4.0029288e-01   1.1192264e-01   4.2431077e-01
   1.0000000e+00   4.3587640e-01   6.0585170e-01   8.4046218e-01   4.5114533e-01   6.9163810e-01   4.0808954e-01   2.4894667e-01   6.5245972e-01   3.2027709e-01   1.0367212e-01   5.3556489e-01   1.6487024e-01   8.8343870e-01   6.6645701e-01   8.4774249e-01
   2.0000000e+00   2.2604544e-01   3.6100670e-01   3.2456201e-01   8.3582114e-02   5.1266553e-01   2.6657296e-01   3.8092270e-01   4.0853939e-01   2.3829958e-01   3.2980171e-01   6.9171164e-01   8.8045693e-01   9.2454831e-01   8.1252775e-02   4.8267301e-01
   1.0000000e+00   4.8539023e-01   6.4975413e-01   7.6386032e-01   5.8662033e-01   7.3278301e-01   7.9458942e-01   9.2580981e-01   1.7883995e-01   5.1754115e-01   6.2700532e-01   9.1318235e-01   6.6396825e-01   3.8919282e-01   7.4000758e-01   8.1763486e-01
   1.0000000e+00   4.6806966e-01   6.8647830e-01   8.6506276e-01   4.6252047e-01   6.1997565e-01   1.7338861e-01   3.9093780e-01   8.3137974e-01   8.0336439e-01   6.0471179e-02   3.9925777e-01   5.2687583e-01   4.1679947e-01   6.5685989e-01   6.2797336e-01
   1.0000000e+00   4.6173903e-01   7.2052764e-01   8.5010401e-01   5.3752998e-01   6.8276888e-01   5.8357062e-01   5.1181992e-01   8.2592727e-02   7.1957013e-01   9.9615611e-01   3.5453430e-01   9.7125882e-01   3.4644876e-01   8.8654386e-01   4.5469486e-01
   3.0000000e+00   8.5035734e-01   9.1164742e-01   6.3927615e-01   2.5537030e-01   8.8665840e-02   8.3825559e-01   5.8471862e-01   9.4810874e-01   6.1028929e-02   5.8464130e-01   8.9276621e-01   8.1554643e-01   8.3819729e-01   7.6637949e-01   8.7417644e-01
   2.0000000e+00   8.0920385e-01   7.4861887e-01   1.2018702e-01   5.2504516e-01   3.2583363e-01   2.0928989e-01   2.7977615e-01   3.6226401e-01   2.1807378e-01   3.2553867e-01   2.0535775e-02   9.2367561e-01   6.5369989e-01   9.3261357e-01   1.6351237e-01
   1.0000000e+00   5.4105050e-01   6.0116686e-01   8.2206141e-01   5.7016136e-01   6.3494723e-01   9.3246868e-01   7.6326278e-01   8.2644954e-01   5.7346359e-01   7.9258166e-01   3.2904120e-01   2.2346198e-01   3.1238634e-01   5.8452348e-01   8.2991414e-01
   3.0000000e+00   9.3831584e-01   2.5542745e-01   5.3316324e-01   9.5475487e-01   2.6774754e-01   2.5008462e-01   9.2767272e-01   6.8582349e-02   2.9940039e-01   5.9158353e-01   8.8049487e-01   7.7717664e-01   9.5967405e-01   7.7525516e-01   9.0635152e-01
   1.0000000e+00   4.7176880e-01   6.6410257e-01   8.2031596e-01   5.8697291e-01   7.0237767e-01   9.4673347e-01   9.9089009e-02   5.1102892e-01   1.1012834e-01   5.4526188e-01   6.8878590e-01   1.4741699e-01   7.7756104e-01   3.9905123e-01   8.9829995e-01
   3.0000000e+00   5.8243143e-01   4.2100578e-01   9.2068707e-02   2.4027325e-02   4.9114580e-01   2.7826702e-01   3.3975716e-01   2.8734961e-01   1.7090324e-01   3.9926331e-01   9.5464744e-01   6.9073529e-01   9.3326530e-01   7.6645991e-01   8.7916191e-01
   1.0000000e+00   5.3840701e-01   7.1285218e-01   7.8629241e-01   5.0067668e-01   7.0810851e-01   1.3655567e-02   3.7406019e-01   9.2268522e-01   5.4647965e-01   4.7388687e-01   4.9653732e-01   3.0897108e-01   9.5083756e-01   9.8199328e-01   5.1356310e-01
   3.0000000e+00   3.3128964e-01   4.5325135e-01   7.3738464e-01   5.0988565e-01   3.8251419e-01   9.0548322e-01   9.6525775e-01   6.2826735e-01   1.3203117e-01   6.1830178e-01   9.0745302e-01   8.4823875e-01   8.5736546e-01   8.0592871e-01   8.9190074e-01
   3.0000000e+00   8.2890555e-01   2.1460971e-01   7.9104032e-01   6.5468831e-01   2.6146448e-02   7.8577629e-01   9.2256305e-01   4.9231313e-01   8.3401166e-01   1.3135369e-01   9.6396752e-01   8.3514724e-01   9.6654151e-01   7.3891017e-01   8.5162772e-01
   2.0000000e+00   2.0350405e-01   8.1377958e-01   3.9343459e-01   5.3575171e-02   3.7505158e-01   2.5499884e-01   2.3305952e-01   4.3683283e-01   2.3192058e-01   3.3297797e-01   2.0423567e-01   7.6721474e-01   6.9973149e-02   9.5003395e-01   1.5820978e-01
   3.0000000e+00   3.3198933e-01   8.3974953e-01   3.7172331e-01   8.2821527e-01   1.7651863e-01   1.2951986e-01   8.7988358e-01   4.4079128e-02   6.8672002e-01   7.3377290e-01   9.1557587e-01   7.2596778e-01   9.9593149e-01   7.5984901e-01   8.8002336e-01
   3.0000000e+00   8.7779907e-01   5.8243296e-01   7.0684335e-02   9.2274457e-01   8.0037209e-01   2.8594686e-01   5.4366323e-01   9.8477624e-01   7.1567807e-01   8.3896960e-01   9.1498908e-01   7.4412494e-01   9.1214268e-01   7.4036373e-01   9.1862731e-01
   1.0000000e+00   4.7834722e-01   6.7947142e-01   7.9582196e-01   5.9908555e-01   6.9067177e-01   9.4490865e-01   4.9044222e-01   4.3794656e-01   7.7265557e-01   7.4406657e-01   4.4290407e-01   5.3000053e-02   8.7821844e-02   7.9798596e-01   6.5558237e-01
   2.0000000e+00   3.0634947e-01   5.0850866e-01   5.1077156e-01   8.1762771e-01   7.9483142e-01   2.2886363e-01   2.7572188e-01   4.2173707e-01   2.5328256e-01   3.3507271e-01   9.3900156e-01   8.7594281e-01   5.5015634e-01   6.2247509e-01   5.8704470e-01
   3.0000000e+00   9.8097816e-01   1.2703694e-01   2.3224015e-01   2.3632467e-02   6.0743261e-01   1.1080932e-01   4.0745951e-01   8.8407681e-01   5.4813278e-01   3.6900308e-01   8.8125190e-01   7.3818866e-01   9.9123923e-01   7.1860389e-01   8.8384541e-01
   2.0000000e+00   8.6386822e-01   9.7697918e-02   9.0805220e-01   1.0801669e-01   5.1699676e-01   1.2863120e-01   3.1187411e-01   3.0068694e-01   2.7666820e-01   3.8487092e-01   9.1682127e-01   9.8696827e-01   5.0513310e-01   2.7142162e-01   1.0075051e-01
   1.0000000e+00   4.5629984e-01   6.9607445e-01   7.6848428e-01   5.6657197e-01   6.5759158e-01   7.1155643e-01   4.8093341e-01   7.2918022e-01   9.3755924e-01   5.1725440e-01   9.0306875e-01   2.1819264e-01   8.7321934e-01   8.2692932e-02   4.6540342e-01
   3.0000000e+00   8.2701491e-01   2.5898242e-01   4.5885007e-02   2.4647160e-01   6.6073214e-01   3.2940969e-01   6.5949625e-01   1.3004124e-02   7.1806786e-01   3.9111881e-01   8.5502579e-01   7.3120308e-01   9.4326153e-01   8.3820046e-01   9.4800197e-01
   1.0000000e+00   5.1908164e-01   6.9382104e-01   7.6190500e-01   5.5313689e-01   7.4802783e-01   7.6993388e-01   8.2958085e-01   7.0608477e-01   5.9533642e-01   7.5287412e-01   4.9672220e-01   8.6513265e-01   6.8027694e-02   9.6854594e-01   9.8756312e-02
   2.0000000e+00   2.1451225e-01   6.7990469e-01   5.5729268e-01   8.5067890e-01   5.5856549e-01   2.8035473e-01   2.8390354e-01   3.5371925e-01   2.4889875e-01   3.2559621e-01   9.2916927e-01   4.6675681e-01   2.5400785e-01   4.3121845e-01   7.0253001e-01
   1.0000000e+00   4.8308306e-01   7.3601311e-01   7.7343798e-01   4.8589359e-01   6.8683852e-01   8.6688705e-01   4.0677676e-01   1.1261514e-01   4.4384584e-01   3.0018440e-01   4.0138685e-01   8.3336356e-01   4.0362866e-01   3.9017594e-01   3.6044889e-01
   2.0000000e+00   9.8914491e-01   6.6946258e-02   9.3939836e-01   1.8177534e-02   6.8383861e-01   2.5674730e-01   3.0682751e-01   4.3280392e-01   2.8990049e-01   3.6259376e-01   1.3786899e-01   2.1780159e-01   1.8214108e-01   4.1819864e-02   1.0694166e-01
   1.0000000e+00   4.7314057e-01   7.5379165e-01   7.7920135e-01   4.9094082e-01   6.0558520e-01   6.7329491e-01   4.2956446e-01   4.5173923e-01   6.0985717e-01   5.9403297e-02   3.1581144e-01   7.7272213e-01   6.9643299e-01   1.2533218e-01   1.3015145e-01
   2.0000000e+00   3.0704387e-01   6.1051146e-02   2.1947114e-01   8.2832937e-02   9.5039534e-01   1.0327413e-01   2.2293369e-01   3.0186149e-01   2.2162273e-01   3.0114275e-01   6.4244927e-01   5.1699094e-01   2.4554214e-01   1.9374734e-01   9.0870578e-02
   3.0000000e+00   5.6911103e-01   8.7503273e-01   3.4857498e-01   4.1921005e-02   1.4233972e-01   7.6592835e-02   7.4052659e-01   4.5652513e-01   6.6824932e-01   6.9924608e-01   9.3570358e-01   7.7573867e-01   9.7555279e-01   7.9935276e-01   9.3442670e-01
   2.0000000e+00   7.6240805e-01   5.7605590e-01   7.4766284e-01   6.4553451e-01   1.2321952e-01   2.0087957e-01   2.6945226e-01   3.1382215e-01   2.1478495e-01   3.1981697e-01   6.7227024e-01   4.3151118e-01   6.9440391e-01   2.5678456e-01   9.7586499e-03
   1.0000000e+00   5.0513383e-01   6.0124516e-01   7.7486912e-01   5.8522434e-01   6.4775172e-01   5.9708292e-01   2.9779518e-01   1.2501438e-01   3.8835567e-01   8.1768774e-01   9.8117570e-01   8.6198984e-01   8.3820882e-02   3.3771199e-01   2.3612917e-01
   2.0000000e+00   2.2665314e-01   7.0300439e-01   7.5415259e-01   5.4728663e-01   5.5348342e-01   2.2611456e-01   3.9709139e-01   3.9514173e-01   2.6004556e-01   3.9091870e-01   5.7083663e-01   3.3541992e-01   9.5713916e-01   4.3992312e-01   6.0154259e-01
   1.0000000e+00   4.3523897e-01   6.7977911e-01   7.5362489e-01   5.7487700e-01   7.4930607e-01   6.4975098e-01   7.0395283e-01   9.3230320e-01   6.8765255e-01   5.6835392e-01   3.8084753e-01   6.3457948e-01   3.6322862e-01   4.0761944e-01   3.6869972e-01
   3.0000000e+00   3.6844167e-01   7.7929106e-03   6.0270132e-01   4.7885474e-01   3.0811769e-01   7.4444445e-01   8.3934928e-01   2.6243192e-01   5.1423806e-01   4.4677413e-01   9.0118167e-01   8.1782836e-01   9.9649850e-01   7.9396968e-01   8.4765940e-01
   1.0000000e+00   5.3426772e-01   7.3686003e-01   8.3136930e-01   5.9855718e-01   6.0505377e-01   4.2425327e-01   4.8998367e-01   5.8350447e-01   8.3269748e-02   6.6015463e-01   5.2305221e-02   5.5683053e-01   7.1202525e-01   4.8791063e-01   6.1760065e-01
   2.0000000e+00   2.9735429e-01   3.9641854e-01   4.2075568e-01   3.1147536e-01   6.9384317e-01   1.1837437e-01   2.8041772e-01   3.4427712e-01   2.3064968e-01   3.1055611e-01   5.9382760e-01   2.8272752e-01   1.5522162e-01   6.5866759e-04   2.8359542e-01
   1.0000000e+00   4.4474262e-01   6.9930405e-01   8.7798085e-01   5.2521219e-01   6.4154929e-01   5.3395818e-01   5.7424955e-01   4.1280440e-01   1.4763663e-02   7.0276480e-01   5.0674715e-01   3.8126610e-01   6.4931535e-02   3.5857996e-01   2.3425124e-01
   3.0000000e+00   8.4108633e-01   3.5450624e-01   4.3006946e-01   5.7223922e-01   7.0082473e-01   7.4246976e-01   7.5788415e-01   3.8912876e-01   4.2930248e-01   9.5634466e-01   9.3594571e-01   8.1994441e-01   8.5526906e-01   7.9334854e-01   8.9854521e-01
   3.0000000e+00   6.8330792e-01   6.0855948e-01   2.1965593e-01   4.0627994e-01   6.2990794e-01   5.5530762e-01   1.2757906e-01   1.6919833e-01   9.9941812e-04   4.1816247e-01   9.2327285e-01   6.8197377e-01   9.3336772e-01   7.0268806e-01   8.3995942e-01
   1.0000000e+00   5.0903718e-01   6.7476953e-01   8.1631642e-01   4.6741778e-01   6.0864815e-01   9.7976522e-01   2.8482373e-01   5.9497430e-01   9.6216103e-01   1.8577826e-01   1.9303982e-01   3.4164410e-01   9.3289790e-01   3.9066754e-01   2.7321671e-01
   2.0000000e+00   8.5515797e-02   2.6248223e-01   8.0101462e-01   2.9220278e-02   9.2885414e-01   2.4606617e-01   2.9772179e-01   3.8677876e-01   2.2372836e-01   3.4588488e-01   9.6308854e-01   5.4680572e-01   5.2113583e-01   2.3159439e-01   4.8889774e-01
   3.0000000e+00   3.3998621e-01   8.4671096e-01   2.4606957e-01   5.8149125e-01   9.3767688e-01   4.7787292e-02   5.3977659e-02   2.0618034e-02   6.8147851e-01   5.9862853e-01   8.6710451e-01   8.0924907e-01   9.2357012e-01   7.1053203e-01   8.3365987e-01
   1.0000000e+00   4.2040111e-01   7.5777826e-01   7.1847969e-01   4.8568032e-01   6.3654719e-01   1.0482221e-01   8.5835276e-01   6.9819977e-01   7.3374213e-01   6.5053062e-01   5.1627057e-01   3.2638814e-01   6.6177620e-01   1.1756548e-01   1.4781741e-01
   2.0000000e+00   7.2903612e-01   2.0261610e-01   2.1627621e-01   9.7633451e-01   5.9323579e-01   1.6088072e-01   3.9354058e-01   4.3439547e-01   2.1900255e-01   3.0017993e-01   7.1176376e-01   8.6772679e-01   1.1830791e-01   3.9022977e-02   5.9819453e-01
   1.0000000e+00   5.1351238e-01   6.8340949e-01   8.9435720e-01   5.9819621e-01   7.2962213e-01   3.8888378e-01   4.5474183e-01   2.4668720e-01   7.8442309e-01   8.8283761e-01   9.1371168e-01   5.5828492e-01   5.9886810e-01   1.4887672e-01   8.9971348e-01
   3.0000000e+00   3.4210517e-01   8.1711885e-01   5.3168531e-01   5.2112205e-01   7.7430971e-01   1.2026277e-01   6.2545015e-01   3.4664869e-01   3.3461939e-01   5.7461656e-01   9.7959065e-01   6.8971261e-01   9.3449019e-01   8.3527471e-01   8.4989465e-01
   1.0000000e+00   5.4034921e-01   7.6374289e-01   8.4565237e-01   4.7637176e-01   6.5405565e-01   1.8878997e-01   1.1983968e-03   3.1641951e-01   6.9961699e-01   6.2525518e-01   5.4306218e-01   4.3903720e-01   2.8742727e-01   5.0165911e-01   7.6154619e-01
   1.0000000e+00   4.2628592e-01   6.3864046e-01   8.2328427e-01   4.9035159e-01   6.8395169e-01   9.4478399e-01   7.1447164e-01   6.7921966e-01   9.5938058e-01   7.7533431e-01   6.0772697e-01   9.4800236e-01   5.9641624e-02   2.6871235e-01   9.8668004e-01
   2.0000000e+00   4.1726707e-01   4.9654430e-02   9.0271611e-01   9.4478719e-01   4.9086409e-01   1.9785053e-01   2.6754388e-01   4.3500808e-01   2.3692468e-01   3.1112028e-01   7.8025207e-01   3.8973884e-01   2.4169129e-01   4.0391215e-01   9.6454525e-02
   1.0000000e+00   4.9282096e-01   6.9060423e-01   7.0203252e-01   5.3986218e-01   6.9023525e-01   6.4941745e-01   3.4272063e-01   4.9329926e-01   7.0177395e-01   8.8780260e-01   5.5057846e-02   9.8361951e-02   6.4978279e-01   7.6407089e-01   9.8795894e-01
   1.0000000e+00   4.2041028e-01   7.7385844e-01   8.1594092e-01   5.3247903e-01   6.2174322e-01   8.5303112e-01   6.2205513e-01   3.5095238e-01   5.1324954e-01   4.0180803e-01   7.5966692e-02   2.3991615e-01   1.2331893e-01   1.8390779e-01   2.3995253e-01
   3.0000000e+00   2.2427707e-01   2.6905473e-01   6.7303117e-01   4.7749220e-01   6.2371641e-01   2.3644493e-01   1.7712375e-01   8.2964339e-01   7.6692167e-01   9.3447827e-01   8.6618334e-01   6.8644550e-01   8.1981906e-01   7.7346457e-01   8.4915567e-01
   1.0000000e+00   5.2196692e-01   6.7666126e-01   8.2345585e-01   5.3632423e-01   6.7950776e-01   2.7506976e-01   2.4862896e-01   4.5163877e-01   2.2771283e-01   8.0444958e-01   9.8610424e-01   2.9991950e-02   5.3566419e-01   8.7077220e-02   8.0209144e-01
   3.0000000e+00   8.4626639e-02   5.8218134e-01   1.5306870e-01   7.3094306e-02   5.8056478e-01   2.8701475e-01   3.6192008e-01   7.2482469e-01   8.5831168e-01   3.4791569e-01   9.9426184e-01   8.4071381e-01   8.4120748e-01   8.1523673e-01   9.0194148e-01
   1.0000000e+00   4.2352118e-01   6.6520686e-01   7.6281239e-01   5.8417510e-01   6.3705363e-01   3.1067902e-01   4.0886891e-01   7.0801089e-01   1.4363760e-01   8.7132207e-01   8.3155897e-02   4.6173784e-01   3.0389024e-02   7.5320053e-01   7.0004267e-01
   3.0000000e+00   9.8294051e-01   7.0963870e-01   1.7543615e-01   8.5829739e-01   9.0941148e-01   9.6166308e-01   5.7059970e-01   5.6287923e-01   1.7666120e-01   5.1367906e-01   9.3227079e-01   6.8305549e-01   8.9877861e-01   7.8026759e-01   8.4985089e-01
   2.0000000e+00   2.9198408e-01   4.3165117e-01   1.5487126e-02   9.8406372e-01   1.6716841e-01   1.2124327e-01   2.7448195e-01   3.2971776e-01   2.4896876e-01   3.3394934e-01   9.5163046e-01   9.2033204e-01   5.2676998e-02   7.3785810e-01   2.6911943e-01
   3.0000000e+00   1.2487276e-01   2.4434016e-02   2.9018527e-01   3.1752058e-01   6.5369013e-01   9.5693592e-01   9.3573087e-01   4.5788633e-01   2.4047840e-01   7.6389794e-01   9.6389911e-01   7.9812961e-01   9.4873767e-01   7.1588806e-01   9.1019505e-01
   3.0000000e+00   3.8958701e-01   7.7530485e-01   1.7936910e-01   1.0936121e-01   9.0515834e-01   8.7635100e-01   9.9979256e-01   8.6425469e-01   3.6877522e-02   5.4468244e-01   9.9964243e-01   7.5220163e-01   9.7470244e-01   7.1053322e-01   9.4844234e-01
   2.0000000e+00   9.2352339e-02   7.8202936e-03   4.2310939e-01   6.5557317e-01   7.2292252e-01   2.0624186e-01   2.2176359e-01   3.9476496e-01   2.1264999e-01   3.1343033e-01   9.8594093e-02   1.4202725e-01   1.6825130e-01   1.9624892e-01   3.1747978e-01
   2.0000000e+00   2.0852237e-01   6.6582716e-01   9.7334471e-01   6.2269982e-01   6.3537893e-02   1.7470191e-01   2.3325031e-01   3.3469171e-01   2.0522086e-01   3.9017563e-01   7.9329170e-01   3.7301432e-01   8.3205471e-01   7.5383456e-01   6.2186310e-01
   2.0000000e+00   6.9253199e-01   5.5666983e-01   3.9652079e-01   6.1590667e-02   7.8017553e-01   1.6751677e-01   3.2157318e-01   4.1118811e-01   2.1048132e-01   3.1278884e-01   5.4954011e-01   4.8522941e-01   8.9047568e-01   7.9896028e-01   7.3434108e-01
   2.0000000e+00   1.5194708e-01   3.9710884e-01   3.7472247e-01   1.3111471e-01   4.3504072e-01   1.1830263e-01   3.2292539e-01   3.0164686e-01   2.5732604e-01   3.7897299e-01   2.3536677e-01   4.4801971e-01   5.6935818e-01   6.1401442e-02   4.9628889e-01
   3.0000000e+00   2.2067689e-01   1.3005687e-03   1.8917967e-01   1.4248405e-01   2.6807600e-01   1.7489207e-01   1.3864897e-01   5.9888561e-01   9.0105791e-01   9.3937977e-01   8.8317767e-01   7.4653428e-01   8.7520222e-01   7.7856701e-01   8.5810907e-01
   2.0000000e+00   3.2335553e-02   5.5706683e-01   7.1980155e-01   1.1040805e-01   2.1664738e-01   2.6220404e-01   2.2773238e-01   4.3228488e-01   2.9235561e-01   3.0127556e-01   3.7715925e-01   1.6781169e-01   5.4022280e-01   1.0166243e-01   3.9267746e-02
   1.0000000e+00   5.3739869e-01   6.0023021e-01   7.9248983e-01   5.1365236e-01   6.6913745e-01   7.7015973e-01   3.2247181e-01   7.8473929e-01   4.7135715e-01   3.5762733e-02   1.7587442e-01   7.2175803e-01   4.7348599e-01   1.5272120e-01   3.4112461e-01
   1.0000000e+00   5.3949508e-01   7.0586619e-01   8.2529488e-01   5.5212284e-01   7.3847963e-01   1.5283414e-01   4.0572079e-01   3.1247600e-01   6.9389896e-01   8.9068787e-01   4.9067097e-01   8.0582351e-01   3.2643891e-01   5.4987915e-01   3.8878433e-01
   1.0000000e+00   4.1536117e-01   7.9182338e-01   7.3058040e-01   4.7288071e-01   6.2333289e-01   8.9569403e-02   4.5442456e-01   6.6889569e-01   8.3130168e-01   7.9023514e-01   7.1271092e-01   4.7259751e-01   7.0858815e-01   9.5805948e-01   5.0577556e-01
   2.0000000e+00   2.1377757e-01   6.4565866e-01   3.8064229e-01   1.0371284e-01   3.7751152e-01   1.5257216e-01   2.4825712e-01   3.9343861e-01   2.5229278e-01   3.4132377e-01   2.1779204e-01   8.5855362e-01   8.6100825e-01   2.8393901e-01   6.1539285e-01
   1.0000000e+00   5.4452027e-01   6.1718054e-01   8.0009978e-01   5.2823845e-01   6.1352490e-01   9.0466648e-01   8.8438894e-01   4.3898967e-01   7.8172261e-01   1.4846502e-01   6.1981593e-01   2.6062368e-01   4.4565621e-01   8.4399951e-01   1.9620492e-01
   3.0000000e+00   9.3322911e-01   9.7159188e-01   3.6092802e-01   6.4420540e-01   6.7947302e-02   2.0791200e-01   3.9603847e-02   4.6935931e-01   1.5009672e-01   9.9130692e-01   9.1405935e-01   8.4107442e-01   9.4484941e-01   7.8713376e-01   8.9253224e-01
   1.0000000e+00   4.0489012e-01   7.1223996e-01   8.7637330e-01   5.5037630e-01   6.2856499e-01   3.6891655e-01   4.6072594e-01   9.8163795e-01   1.5640495e-01   8.5552281e-01   6.4476454e-01   3.7627221e-01   1.9092370e-01   4.2825299e-01   4.8202206e-01
   1.0000000e+00   4.1137814e-01   6.1079002e-01   8.0615951e-01   5.6687508e-01   7.4010160e-01   1.2990621e-01   5.6882366e-01   4.6939064e-01   1.1902070e-02   3.3712264e-01   1.6218231e-01   7.9428454e-01   3.1121504e-01   5.2853314e-01   1.6564873e-01
   2.0000000e+00   4.6839876e-01   5.0341384e-01   9.1053578e-01   2.0643102e-01   3.3860368e-01   2.1482512e-01   2.9738649e-01   3.3933285e-01   2.5795935e-01   3.8783277e-01   6.0950222e-02   4.4087647e-01   8.4258001e-02   5.6323762e-01   5.3931058e-01
   1.0000000e+00   5.3438374e-01   6.1981793e-01   7.0883311e-01   5.3359427e-01   7.1587426e-01   3.1194006e-01   1.7898248e-01   3.3895568e-01   2.1014564e-01   5.1015252e-01   9.0636432e-01   6.2892394e-01   1.0153389e-01   3.9085475e-01   5.4616615e-02
   3.0000000e+00   1.7710753e-01   6.6280806e-01   3.3082900e-01   8.9848614e-01   1.1815520e-01   9.8841793e-01   5.3998210e-01   7.0691742e-01   9.9949162e-01   2.8784934e-01   9.1217838e-01   7.4296799e-01   9.5279142e-01   8.2273061e-01   8.3752769e-01
   2.0000000e+00   1.9577624e-02   3.3085788e-01   4.2430950e-01   2.7027042e-01   1.9705380e-01   2.6434424e-01   2.8598428e-01   4.3316564e-01   2.3911830e-01   3.7691144e-01   3.9679152e-01   8.0851410e-01   7.5507710e-01   3.7739554e-01   2.1601892e-01
   2.0000000e+00   8.1691118e-01   1.8947148e-01   1.2369346e-01   8.2099648e-01   6.3789762e-01   1.0322396e-01   3.7919093e-01   3.7730626e-01   2.5445219e-01   3.6064422e-01   7.6043622e-01   8.5534687e-01   3.8286845e-01   8.4649189e-02   7.3387330e-01
   3.0000000e+00   9.2109726e-01   7.9465789e-01   5.7739420e-01   4.4003560e-01   2.5761374e-01   7.5194639e-01   2.2866948e-01   6.4187087e-02   7.6732951e-01   6.7120219e-01   9.5728188e-01   7.7841217e-01   8.8380966e-01   7.5861431e-01   9.2701751e-01
   3.0000000e+00   6.2406009e-01   6.7913554e-01   3.9551522e-01   3.6743665e-01   9.8798200e-01   3.7738866e-02   8.8516801e-01   9.1328683e-01   7.9618387e-01   9.8712279e-02   8.8928068e-01   7.1707137e-01   9.3594559e-01   7.2048297e-01   9.1515344e-01
   3.0000000e+00   8.7242502e-01   6.0125114e-01   3.2118845e-01   2.8429307e-01   4.3531581e-01   9.0375905e-01   9.2510564e-01   5.0529245e-01   6.2758181e-01   7.1926393e-01   8.5358693e-01   7.6498650e-01   8.0930689e-01   7.6337971e-01   8.8346678e-01
   3.0000000e+00   8.8839093e-01   2.3316769e-01   8.6159576e-01   7.1173509e-01   8.7281299e-01   9.3800201e-01   1.3968928e-01   3.9390014e-01   9.8056283e-01   6.4479403e-01   9.8446147e-01   7.4644608e-01   8.0281862e-01   7.9343205e-01   8.5388692e-01
   3.0000000e+00   9.9685021e-01   5.5354157e-01   5.1545845e-01   3.3068207e-01   4.3000180e-01   4.9180625e-01   7.1037084e-02   8.8773922e-01   6.4633591e-02   4.3618496e-01   9.7399443e-01   7.2890694e-01   9.2269498e-01   8.2279611e-01   9.3577938e-01
   3.0000000e+00   7.9040722e-01   9.4930391e-01   3.2756543e-01   6.7126437e-01   4.3864498e-01   8.3350060e-01   7.6885425e-01   1.6725355e-01   8.6198048e-01   9.8987215e-01   9.2716352e-01   8.2685620e-01   9.1760521e-01   7.2321285e-01   8.4998285e-01
   3.0000000e+00   9.0630815e-01   8.7965372e-01   8.1776056e-01   2.6072800e-01   5.9435625e-01   2.2512593e-02   4.2525932e-01   3.1271889e-01   1.6148474e-01   1.7876619e-01   9.1343285e-01   6.6884587e-01   9.1970473e-01   7.7063864e-01   9.1199366e-01
   1.0000000e+00   4.7346466e-01   6.8911724e-01   8.2926260e-01   5.5640472e-01   7.1320300e-01   2.7602508e-01   6.7970268e-01   6.5509800e-01   1.6261174e-01   1.1899768e-01   4.9836405e-01   9.5974396e-01   3.4038573e-01   5.8526775e-01   2.2381194e-01
   3.0000000e+00   8.5971704e-01   6.7772491e-01   8.0583826e-01   5.3124287e-01   9.5589584e-01   6.6676945e-02   5.4151803e-01   2.8166034e-01   4.8090034e-01   6.8486378e-01   8.8123876e-01   7.7163220e-01   8.6523523e-01   8.3212708e-01   8.4167433e-01
   2.0000000e+00   2.5150501e-02   4.1442888e-01   7.3140747e-01   7.8137400e-01   3.6728592e-01   2.4897357e-01   3.7845344e-01   3.3639051e-01   2.1295970e-01   3.2250679e-01   3.5001392e-01   2.8708461e-01   9.2748801e-01   5.1313757e-02   5.9266676e-01
   3.0000000e+00   7.7948950e-01   9.5484731e-01   9.1960325e-01   3.8481570e-01   1.6264302e-01   7.9675142e-01   1.1381718e-01   1.5882430e-01   3.5582812e-01   8.4775856e-01   9.3741718e-01   7.6723553e-01   9.8516760e-01   7.8626174e-01   8.2624717e-01
   3.0000000e+00   1.1393064e-01   9.7856389e-01   8.4859668e-01   5.0646498e-02   4.6620183e-01   3.2565327e-01   6.3020512e-01   2.3029916e-01   5.7988497e-01   6.0315632e-01   9.3998186e-01   7.3968558e-01   8.0708469e-01   7.7707223e-01   8.7596627e-01
   1.0000000e+00   4.7385177e-01   7.3894865e-01   8.9454678e-01   4.9916324e-01   7.2567048e-01   7.3907223e-01   9.5417446e-01   3.1922630e-02   3.5686899e-01   6.6265383e-01   2.8150156e-01   2.3038307e-01   7.1112855e-01   6.2457292e-01   5.9060865e-01
   3.0000000e+00   4.2283562e-01   5.4787090e-01   9.4273698e-01   4.1774410e-01   9.8305247e-01   3.0145495e-01   7.0109876e-01   6.6633885e-01   5.3912647e-01   6.9810552e-01   9.4997919e-01   6.8562649e-01   8.2560288e-01   8.4986206e-01   8.4639013e-01
   2.0000000e+00   7.0811338e-01   8.5937785e-01   7.8108452e-01   2.0379685e-01   9.9334325e-01   1.1872491e-01   3.3012371e-01   3.3227648e-01   2.2438731e-01   3.3396878e-01   1.9786234e-01   5.0683338e-01   9.5075798e-01   3.9460722e-01   5.8446484e-01
   3.0000000e+00   1.3197329e-01   9.4205059e-01   9.5613454e-01   5.7520860e-01   5.9779543e-02   2.3477991e-01   3.5315857e-01   8.2119404e-01   1.5403438e-02   4.3023802e-02   8.7534850e-01   7.7982309e-01   9.4634448e-01   7.9716189e-01   8.8136546e-01
   3.0000000e+00   3.9409318e-01   3.5927796e-01   8.8852461e-02   3.4167700e-01   5.4867059e-01   4.6054746e-01   6.4545237e-01   5.1352084e-01   8.1442647e-01   9.7183206e-02   9.1955703e-01   7.6796350e-01   8.3743441e-01   7.9169952e-01   8.3149275e-01
   3.0000000e+00   5.1063361e-01   3.8521588e-01   3.1059645e-01   3.5554475e-03   8.1524245e-01   6.3841846e-01   4.4833938e-01   2.4408577e-01   8.0338509e-01   8.2397089e-01   9.7782860e-01   7.4345035e-01   9.9413979e-01   8.2618660e-01   8.3481853e-01
   2.0000000e+00   7.7487482e-02   8.5061407e-01   1.4452691e-01   3.7048579e-01   6.2239143e-01   2.9951038e-01   3.0346883e-01   4.4857668e-01   2.2265345e-01   3.3980052e-01   6.9656869e-01   6.4640759e-02   7.4766158e-01   4.2040043e-01   8.1131742e-01
   3.0000000e+00   7.6805790e-01   2.3309027e-01   5.8736174e-01   4.5897387e-01   8.6098152e-01   6.6083609e-01   3.5387917e-01   3.4718630e-01   2.5371810e-01   9.5252815e-01   8.9473015e-01   6.8168122e-01   8.7225941e-01   8.1124436e-01   9.1323750e-01
   2.0000000e+00   6.0034479e-01   8.4997065e-02   9.2235800e-01   5.3597815e-02   5.2702495e-01   1.2377066e-01   2.7602860e-01   4.2192488e-01   2.2440959e-01   3.8844227e-01   7.1264679e-01   3.7814844e-01   2.4891961e-01   2.5285375e-01   7.6724359e-01
   1.0000000e+00   4.0339420e-01   6.1301481e-01   8.8479127e-01   5.3012143e-01   6.5501947e-01   3.6394618e-01   1.5137367e-01   1.4960860e-01   3.5080209e-01   3.3596610e-01   7.8402785e-01   4.8673921e-01   4.6479801e-01   1.3125255e-01   8.8639147e-01
   2.0000000e+00   8.1900058e-01   6.2492353e-01   7.3856042e-01   8.0511242e-01   6.7222658e-02   2.9015806e-01   2.9951540e-01   4.1327189e-01   2.7424051e-01   3.8311296e-01   1.5650185e-01   4.5730872e-01   6.1810050e-01   9.3218336e-01   8.3508824e-01
   3.0000000e+00   7.9215684e-01   1.4544348e-01   4.8914245e-01   1.2845747e-02   1.8661202e-01   4.8523046e-01   8.3822608e-01   1.4105697e-01   7.3221699e-01   6.9106692e-01   8.5517389e-01   7.4777145e-01   9.9427808e-01   7.1686771e-01   9.1790172e-01
   2.0000000e+00   3.1780539e-01   9.8444841e-01   5.4825089e-01   7.4925126e-01   8.4185173e-01   1.3337794e-01   3.8061952e-01   3.1576862e-01   2.7450931e-01   3.7293719e-01   7.1746960e-01   1.3343177e-01   4.4578900e-01   5.0878723e-01   5.3049029e-01
   2.0000000e+00   5.0128291e-01   4.3172117e-01   9.9756035e-01   8.1160258e-01   4.8565167e-01   2.7888955e-01   2.2750932e-01   3.5850074e-01   2.9273562e-01   3.9174938e-01   7.1357401e-01   6.1833738e-01   3.4328789e-01   9.3602733e-01   1.2477404e-01
   2.0000000e+00   2.4042355e-01   6.8490849e-01   8.3925362e-01   9.7014463e-01   2.1516961e-01   2.5206867e-01   3.1682057e-01   3.6044274e-01   2.5100403e-01   3.4956442e-01   6.5136834e-01   7.4370614e-01   3.0195347e-01   8.9611935e-02   8.2596548e-01
   3.0000000e+00   2.2377040e-01   3.7356381e-01   8.7500350e-02   6.4011655e-01   1.8061689e-01   4.5051107e-02   7.2317348e-01   3.4743765e-01   6.6061682e-01   3.8386860e-01   9.4410198e-01   6.5432996e-01   9.8211400e-01   8.2008380e-01   9.1823094e-01
   3.0000000e+00   3.8161088e-01   5.6768500e-01   8.8786096e-01   8.4294929e-01   8.9879856e-01   9.3900309e-01   8.1543516e-01   1.3578288e-03   3.0906976e-03   8.7468816e-02   8.8910910e-01   6.5455973e-01   8.8481696e-01   7.5115975e-01   8.9266924e-01
   3.0000000e+00   8.6233921e-01   8.9640490e-01   1.8901056e-01   6.6071956e-01   9.4123094e-01   9.7570713e-01   1.0793525e-01   1.7889923e-01   7.4655143e-01   4.9468523e-02   8.6069273e-01   7.4782510e-01   9.6997876e-01   8.4955622e-01   8.2554908e-01
   1.0000000e+00   4.8006579e-01   6.2183084e-01   8.6516177e-01   5.0071466e-01   6.4409596e-01   7.4631343e-01   1.0336618e-02   4.8447339e-02   6.6791612e-01   6.0346798e-01   5.2610247e-01   7.2970945e-01   7.0725349e-01   7.8137705e-01   2.8797698e-01
   2.0000000e+00   4.5039358e-01   2.0567234e-01   8.9965099e-01   7.6258554e-01   8.8248631e-01   1.5699004e-01   3.3464520e-01   3.9964199e-01   2.1228150e-01   3.4073184e-01   2.7528695e-01   7.1666974e-01   2.8338438e-01   8.9619886e-01   8.2657889e-01
   1.0000000e+00   4.0519451e-01   6.9022476e-01   7.0275891e-01   5.2105661e-01   7.4267956e-01   2.4895228e-01   3.8642280e-01   4.3143338e-01   8.3088648e-01   8.2464682e-01   4.5299861e-01   3.8056017e-01   9.2586854e-01   7.4084363e-01   7.3763307e-01
   1.0000000e+00   4.1784631e-01   7.8530652e-01   8.1871215e-01   5.8254230e-01   6.6367139e-01   6.0725739e-01   7.0763582e-02   9.2477243e-01   6.4207942e-01   1.0449967e-01   7.0022507e-01   3.9580433e-01   8.4904751e-02   2.1447887e-01   2.4879890e-01
   3.0000000e+00   3.4998377e-01   1.9659525e-01   2.5108386e-01   6.1604468e-01   4.7328885e-01   3.5165951e-01   8.3082863e-01   5.8526409e-01   5.4972361e-01   9.1719366e-01   8.9287585e-01   8.0144005e-01   9.5074582e-01   7.5706688e-01   8.9597771e-01
   3.0000000e+00   8.2630672e-01   9.9120320e-01   5.2394765e-01   9.2543689e-01   7.3902186e-01   5.6743006e-01   9.6877766e-01   8.2449942e-01   9.5960928e-01   6.4634607e-01   9.0693602e-01   7.4531494e-01   9.8237796e-01   7.0222808e-01   8.4458673e-01
   1.0000000e+00   5.2140659e-01   7.2176167e-01   7.9598274e-01   4.9026602e-01   6.3871446e-01   4.8100954e-01   2.2734148e-01   4.8602298e-02   1.6924181e-01   2.5844631e-01   1.9791006e-01   6.0569306e-01   8.2370365e-01   8.1061496e-01   8.0223702e-01
   1.0000000e+00   5.2220855e-01   7.8115839e-01   7.2539736e-01   5.8700638e-01   6.9485389e-01   9.7540405e-02   2.7849822e-01   5.4688152e-01   9.5750684e-01   9.6488854e-01   1.5761308e-01   9.7059278e-01   9.5716695e-01   4.8537565e-01   8.0028047e-01
